           1 cha001             204.5700      1.1476358E-04  0.0000000E+00
  4.3100622E-02
           2 cha002             170.7300      1.3070910E-04  2.2212740E-02
  2.6176891E-03
           3 cha003             112.2300      1.6859545E-04  0.1148273    
  2.0469474E-03
           4 cha004             800.7300      5.0797920E-05  0.0000000E+00
  2.4847914E-03
           5 cha005             784.7100      5.1413877E-05  0.0000000E+00
  2.4516784E-02
           6 cha006             393.5700      7.8789271E-05  0.0000000E+00
  2.0712638E-02
           7 cha007             383.8500      8.0222118E-05  0.0000000E+00
  3.3051122E-03
           8 cha008             310.8600      9.1246235E-05  3.5545897E-02
  5.5106548E-03
           9 cha009             775.2600      5.2324536E-05  0.0000000E+00
  5.1890381E-02
          10 cha011             221.4900      1.1205571E-04  6.8811782E-02
  1.2771541E-03
          11 cha012             706.5000      5.5725890E-05  0.0000000E+00
  8.9271292E-02
          12 cha013             197.5500      1.1978601E-04  3.7646599E-02
  3.6194345E-03
          13 cha015             151.5600      1.3970128E-04  0.0000000E+00
  3.9931107E-02
          14 cha016             126.2700      1.5719932E-04  0.1080223    
  1.5171998E-03
          15 cha017             274.4100      9.8322285E-05  8.1938477E-03
  2.9427842E-03
          16 cha018             100.9800      1.7936695E-04  5.2534796E-02
  6.0875891E-03
          17 cha019             102.0600      1.7749885E-04  0.0000000E+00
  9.1217794E-03
          18 cha020             171.3600      1.2671818E-04  0.0000000E+00
  0.1767333    
          19 cha021             49.86000      2.7140212E-04  0.0000000E+00
  3.1257015E-02
          20 cha022             339.6600      8.3154635E-05  0.0000000E+00
  0.1156988    
          21 cha023             160.9200      1.3510800E-04  0.0000000E+00
  7.6648377E-02
          22 cha024             58.77000      2.4806382E-04  4.2941313E-02
  1.2111180E-02
          23 cha025             27.18000      3.9427687E-04  2.4391238E-02
  6.1361119E-03
          24 cha026             15.21000      5.5736769E-04  0.0000000E+00
  2.6263835E-02
          25 cha027             38.25000      3.2057933E-04  0.0000000E+00
  4.8571560E-03
          26 cha028             21.78000      4.5213324E-04  7.8396291E-02
  0.0000000E+00
          27 cha029             16.38000      5.3573976E-04  0.1103912    
  8.2703307E-03
          28 cha031             805.7700      5.1367086E-05  0.0000000E+00
  6.6005858E-05
          29 cha032             783.0000      5.1265390E-05  0.0000000E+00
  7.2516152E-03
          30 cha033             755.6400      5.2499039E-05  0.0000000E+00
  3.1486984E-02
          31 cha034             731.4300      5.4449276E-05  0.0000000E+00
  5.0273322E-04
          32 cha036             661.6800      5.7809193E-05  0.0000000E+00
  1.0779927E-03
          33 cha038             514.2600      6.7616813E-05  5.0361533E-02
  1.5737358E-02
          34 cha039             487.9800      6.9831003E-05  6.6810817E-02
  1.0392306E-03
          35 cha041             397.3500      7.8761448E-05  3.1492651E-02
  2.9138726E-04
          36 cha042             463.2300      7.1635302E-05  0.0000000E+00
  2.1279729E-03
          37 cha043             384.7500      7.8138844E-05  0.0000000E+00
  3.0003469E-02
          38 cha044             362.8800      8.3574145E-05  0.1177526    
  2.1051709E-04
          39 cha045             371.3400      8.1966136E-05  0.0000000E+00
  3.7939679E-03
          40 cha046             414.0000      7.6545766E-05  0.0000000E+00
  4.7167181E-03
          41 cha047             342.0900      8.6093707E-05  2.1317421E-02
  1.6172242E-05
          42 cha048             317.1600      9.0394300E-05  7.8912385E-02
  4.0964323E-06
          43 cha049             362.7000      8.2626910E-05  0.0000000E+00
  9.0259518E-03
          44 cha052             318.5100      9.0045563E-05  4.7086425E-02
  1.7920951E-03
          45 cha053             293.1300      9.3945753E-05  0.0000000E+00
  8.3252171E-04
          46 cha054             150.4800      1.3752904E-04  0.0000000E+00
  6.8069950E-02
          47 cha055             263.8800      1.0022114E-04  0.0000000E+00
  1.0129150E-02
          48 cha056             247.5000      1.0483917E-04  3.5163518E-02
  3.4438604E-03
          49 cha057             215.1900      1.1354801E-04  6.5894793E-03
  2.0486629E-02
          50 cha059             192.5100      1.2195207E-04  8.0324054E-02
  1.4751425E-03
          51 cha060             132.4800      1.5243590E-04  6.1601695E-02
  1.8090819E-03
          52 cha061             114.7500      1.6703068E-04  0.1703415    
  1.4887508E-03
          53 cha062             130.1400      1.5451918E-04  6.4432718E-02
  4.0454033E-04
          54 cha064             178.7400      1.2738003E-04  5.0504737E-02
  2.7074027E-03
          55 cha065             121.6800      1.6095473E-04  0.1777574    
  7.9364533E-04
          56 cha066             97.11000      1.8260063E-04  0.0000000E+00
  1.2393269E-02
          57 cha067             130.5900      1.5356945E-04  3.3708479E-02
  2.8988784E-03
          58 cha068             70.56000      2.2264084E-04  6.1010178E-02
  2.8349780E-03
          59 cha069             118.4400      1.6292871E-04  4.8804101E-02
  1.9951391E-03
          60 cha070             103.0500      1.7740190E-04  7.5369015E-02
  3.3028636E-03
          61 cha071             56.79000      2.5396724E-04  5.7934184E-02
  3.3748453E-03
          62 cha072             75.24000      2.1314558E-04  0.0000000E+00
  7.4876901E-03
          63 cha073             50.22000      2.7089351E-04  0.0000000E+00
  1.3211238E-02
          64 cha074             82.80000      2.0240420E-04  4.8295837E-02
  1.3408997E-02
          65 cha075             96.03000      1.8431935E-04  0.0000000E+00
  9.9016391E-03
          66 cha076             73.80000      2.1710397E-04  0.1467714    
  2.3232752E-03
          67 cha077             79.20000      2.0776631E-04  8.6538590E-02
  5.1755402E-03
          68 cha078             68.22000      2.2712418E-04  3.9167952E-02
  9.7571500E-04
          69 cha079             65.70000      2.3191293E-04  1.6487330E-02
  1.1130133E-02
          70 cha080             58.68000      2.4966960E-04  8.2328305E-02
  1.7195151E-03
          71 cha081             32.49000      3.5544668E-04  0.1561588    
  2.5751025E-03
          72 cha082             68.13000      2.2727602E-04  6.5411091E-02
  6.8135592E-03
          73 cha083             32.13000      3.5666072E-04  3.0424630E-02
  7.9301733E-04
          74 cha084             41.22000      3.0631700E-04  0.0000000E+00
  1.1747696E-02
          75 cha085             44.55000      2.9386784E-04  0.1378669    
  5.0077429E-03
          76 cha086             32.22000      3.5348843E-04  0.0000000E+00
  1.8483782E-02
          77 cha089             37.80000      3.2519942E-04  7.4500352E-02
  1.2686637E-03
          78 cha091             45.90000      2.8943527E-04  0.1240154    
  3.2183109E-03
          79 cha092             29.52000      3.7632915E-04  0.1496694    
  4.9546869E-03
          80 cha093             43.47000      2.9729889E-04  3.0046357E-02
  9.0340702E-03
          81 cha094             42.84000      3.0128186E-04  0.1941598    
  1.9225637E-04
          82 cha095             45.54000      2.9054485E-04  0.1992771    
  1.9318949E-03
          83 cha096             10.80000      6.8407576E-04  0.0000000E+00
  3.9363571E-02
          84 cha097             17.01000      5.2380859E-04  0.1695119    
  6.2096125E-04
          85 cha099             12.33000      6.3769409E-04  0.1950298    
  0.0000000E+00
          86 cha100             13.59000      5.8246031E-04  0.0000000E+00
  8.0323249E-02
          87 cha102             12.69000      6.0836988E-04  0.0000000E+00
  2.8124338E-02
          88 cha103             10.89000      6.5753271E-04  0.0000000E+00
  0.1049503    
          89 cha104             15.93000      5.4784009E-04  0.4344786    
  0.0000000E+00
          90 cha106             13.50000      6.0296193E-04  0.2699511    
  3.5808557E-03
          91 cha109             15.66000      5.5202830E-04  0.3013281    
  0.0000000E+00
          92 cha111             9.270000      7.5323338E-04  4.3078415E-02
  3.6896346E-03
          93 cha113             13.86000      5.9483096E-04  0.1619956    
  0.0000000E+00
          94 cha114             33.48000      3.4933959E-04  8.6638793E-02
  3.2921638E-03
          95 cha115             14.67000      5.7200901E-04  3.6144048E-02
  0.0000000E+00
          96 cha120             11.25000      6.7435496E-04  0.1383602    
  0.0000000E+00
          97 cha121             51.48000      2.6939961E-04  0.1104629    
  4.2994702E-03
          98 cha122             10.80000      6.8773323E-04  6.5531999E-02
  2.8722563E-03
          99 cha123             19.80000      4.6511981E-04  0.0000000E+00
  3.0471038E-02
         100 cha124             14.94000      5.6697265E-04  0.2323122    
  2.4252255E-03
         101 cha125             22.77000      4.3964022E-04  7.8745112E-02
  4.4125705E-03
         102 cha126             43.56000      2.9798210E-04  0.1051808    
  3.2415788E-04
         103 cha128             29.43000      3.7723675E-04  7.1710311E-02
  2.3233301E-03
         104 cha129             18.45000      4.8501592E-04  0.0000000E+00
  7.5107642E-02
         105 cha133             21.15000      4.6002778E-04  0.1277077    
  3.6644777E-03
         106 cha134             18.72000      4.9469311E-04  0.1343527    
  0.0000000E+00
         107 cha135             45.27000      2.9038204E-04  3.2802735E-02
  3.5331198E-03
         108 cha137             27.54000      3.9212406E-04  0.1063910    
  2.6277753E-03
         109 cha138             37.80000      3.2455625E-04  0.1089165    
  2.6050552E-03
         110 cha140             30.60000      3.6793094E-04  6.3284390E-02
  5.2953684E-03
         111 cha141             18.45000      4.9965899E-04  4.2733844E-02
  0.0000000E+00
         112 cha146             55.80000      2.5648280E-04  5.7232842E-02
  7.5374534E-03
         113 cha149             10.98000      6.8178645E-04  5.2354116E-02
  0.0000000E+00
         114 cha150             11.88000      6.4727728E-04  0.0000000E+00
  0.0000000E+00
         115 cha153             15.75000      5.4865918E-04  9.5866524E-02
  1.7855547E-02
         116 cha154             23.58000      4.3063686E-04  0.1030818    
  3.0948573E-03
         117 cha156             10.71000      6.6368887E-04  0.0000000E+00
  0.1275834    
         118 cha157             20.97000      4.6319954E-04  7.7328607E-02
  1.1948461E-03
         119 cha159             11.97000      6.4293016E-04  0.0000000E+00
  1.3153086E-02
         120 cha161             20.79000      4.6410598E-04  5.1566292E-02
  5.3451634E-03
         121 cha166             14.67000      5.7498144E-04  0.3974742    
  0.0000000E+00
         122 cha168             9.900000      7.2012213E-04  0.0000000E+00
  3.0963088E-03
         123 cha169             12.42000      6.1529473E-04  0.0000000E+00
  1.1299543E-02
         124 cha170             19.71000      4.7439185E-04  0.0000000E+00
  7.8273164E-03
         125 cha171             26.73000      3.9855280E-04  5.0932366E-02
  6.8122740E-03
         126 cha172             38.88000      3.1934370E-04  0.1761861    
  3.5464759E-03
         127 cha174             18.99000      4.9126858E-04  0.1909644    
  1.0217099E-02
         128 cha175             9.360000      7.5014966E-04  0.1241404    
  4.8718010E-03
         129 cha176             10.80000      6.8726012E-04  6.5737806E-02
  1.6219275E-02
         130 cha177             11.70000      6.5390259E-04  0.0000000E+00
  5.2388771E-03
         131 cha178             19.89000      4.7854317E-04  0.3251003    
  3.9437199E-03
         132 cha180             12197.34      9.9701656E-06  0.0000000E+00
  1.4079537E-03
         133 cha181             12178.53      1.0123075E-05  1.7469028E-02
  1.2854995E-04
         134 cha182             12164.76      9.9860954E-06  0.0000000E+00
  1.1729492E-02
         135 cha183             10218.78      1.1255741E-05  2.8451059E-02
  1.2103936E-04
         136 cha184             10161.00      1.1119360E-05  0.0000000E+00
  2.4600285E-03
         137 cha185             9995.311      1.1364430E-05  0.0000000E+00
  1.7887265E-04
         138 cha186             9961.740      1.1441546E-05  4.2747609E-02
  2.2417720E-04
         139 cha187             9914.940      1.1045159E-05  0.0000000E+00
  6.5817372E-03
         140 cha188             9866.431      1.1567348E-05  0.1031137    
  2.6193290E-04
         141 cha189             9842.940      1.1093469E-05  0.0000000E+00
  5.1433004E-02
         142 cha190             9829.170      1.1528832E-05  3.7142757E-02
  3.1975261E-04
         143 cha191             9658.260      1.1647839E-05  3.3816352E-02
  3.9417710E-04
         144 cha192             9620.190      1.1607967E-05  0.0000000E+00
  5.6842552E-04
         145 cha195             9335.340      1.1693396E-05  0.0000000E+00
  6.6833999E-03
         146 cha196             9278.910      1.1992464E-05  9.5824651E-02
  1.1339168E-03
         147 cha197             9203.760      1.1962272E-05  5.0684381E-03
  1.7506581E-03
         148 cha198             9182.340      1.1688466E-05  0.0000000E+00
  2.5077103E-02
         149 cha199             8686.351      1.2202959E-05  0.0000000E+00
  3.7154932E-02
         150 cha200             8676.810      1.2393290E-05  5.3095715E-03
  3.9827134E-03
         151 cha201             8645.400      1.2431092E-05  1.5193432E-02
  7.1277237E-03
         152 cha202             8571.689      1.2469372E-05  0.0000000E+00
  1.2567301E-02
         153 cha204             8501.760      1.2532397E-05  0.0000000E+00
  2.8823690E-02
         154 cha206             7097.400      1.4048915E-05  7.1568474E-02
  7.4739307E-03
         155 cha207             6776.370      1.4146629E-05  0.0000000E+00
  2.8712902E-02
         156 cha208             6746.129      1.4407358E-05  3.5605482E-03
  1.7378634E-02
         157 cha209             6663.240      1.4520592E-05  7.4315183E-03
  3.3973861E-02
         158 cha210             6629.850      1.4599575E-05  3.8778637E-02
  2.0161213E-02
         159 cha211             6486.840      1.4799083E-05  4.6221197E-02
  2.7674353E-02
         160 cha212             6298.200      1.5129612E-05  0.1035259    
  9.0235174E-03
         161 cha213             6262.560      1.4533828E-05  0.0000000E+00
  0.1222805    
         162 cha214             6246.540      1.5046111E-05  0.0000000E+00
  1.2606492E-02
         163 cha215             6204.240      1.5157954E-05  8.6365417E-03
  1.6642164E-02
         164 cha217             6159.240      1.5268944E-05  4.8553169E-02
  2.0515651E-02
         165 cha219             6044.760      1.5377171E-05  2.2260877E-04
  2.8671529E-02
         166 cha220             4599.450      1.7777520E-05  0.0000000E+00
  5.9225891E-02
         167 cha221             4579.110      1.8221586E-05  3.7253808E-02
  1.6022462E-02
         168 cha222             4503.420      1.8080089E-05  0.0000000E+00
  4.4184778E-02
         169 cha224             4239.180      1.9055498E-05  1.4716436E-02
  1.9852417E-02
         170 cha225             4154.940      1.9240162E-05  0.0000000E+00
  2.1469226E-02
         171 cha226             2214.810      2.7918646E-05  0.0000000E+00
  4.2234631E-03
         172 cha227             2178.360      2.8512713E-05  7.6773368E-02
  0.0000000E+00
         173 cha228             2142.450      2.8657803E-05  4.2506503E-03
  5.3611207E-06
         174 cha229             2126.700      2.8752347E-05  0.0000000E+00
  1.8051219E-04
         175 cha230             1105.380      4.2529551E-05  0.0000000E+00
  1.5794906E-03
         176 cha231             1051.470      4.3908585E-05  8.2624378E-03
  6.7643751E-04
         177 cha232             1024.290      4.3819407E-05  0.0000000E+00
  3.2224960E-03
         178 cha234             1940.670      3.0441361E-05  2.5221532E-02
  4.4183467E-05
         179 cha235             138.9600      1.4830625E-04  0.1061979    
  1.2126737E-03
         180 cha236             1923.480      3.0713516E-05  8.0830947E-02
  2.3044365E-02
         181 cha237             1882.620      3.1045871E-05  4.3588337E-02
  2.5262112E-02
         182 cha238             1812.870      3.1501855E-05  0.0000000E+00
  3.1709820E-02
         183 cha239             1707.930      3.2970056E-05  7.6302551E-02
  3.0376652E-02
         184 cha240             1688.130      3.3098047E-05  1.9877188E-02
  3.3303138E-02
         185 cha241             1000.170      4.5342600E-05  2.9282313E-02
  2.9978464E-06
         186 cha243             1626.030      3.3744065E-05  0.0000000E+00
  4.0416319E-02
         187 cha245             937.1700      4.6949455E-05  0.0000000E+00
  4.2545787E-05
         188 cha246             901.0800      4.7257927E-05  0.0000000E+00
  5.2069049E-02
         189 cha248             1484.460      3.5641628E-05  0.0000000E+00
  4.7073811E-02
         190 cha250             873.9900      4.9261111E-05  6.8904303E-02
  0.0000000E+00
         191 cha252             1214.010      4.0139184E-05  0.0000000E+00
  2.4644023E-02
         192 cha255             535.0500      6.6106739E-05  0.1076881    
  1.7359000E-02
         193 cha256             508.8600      6.7846049E-05  0.0000000E+00
  1.8800676E-02
         194 cha257             483.9300      7.0079070E-05  5.8756899E-02
  1.9336166E-02
         195 cha258             456.3000      7.2051305E-05  0.0000000E+00
  2.8279198E-02
         196 cha259             180.0900      1.2648822E-04  3.5177108E-03
  3.8705140E-02
         197 cha260             124.6500      1.5850741E-04  0.1342463    
  2.4045132E-02
         198 cha261             140.2200      1.4800557E-04  0.1671214    
  2.3619965E-02
         199 cha262             183.6000      1.2519119E-04  3.0680409E-02
  9.7533138E-03
         200 cha263             100.2600      1.8037480E-04  8.6406767E-02
  3.1104391E-02
         201 cha264             58.14000      2.4996622E-04  8.3304323E-02
  5.2598901E-02
         202 cha265             52.02000      2.6822375E-04  0.2131686    
  2.3087238E-04
         203 cha267             141.6600      1.4654787E-04  8.4585674E-02
  6.4191720E-03
         204 cha268             109.4400      1.7076616E-04  3.7000868E-02
  2.3662539E-02
         205 cha269             56.52000      2.5528064E-04  0.2272076    
  4.9947755E-04
         206 cha270             46.53000      2.8644138E-04  0.1876253    
  4.4297936E-04
         207 cha271             24.75000      4.1966641E-04  0.2675423    
  2.7726270E-02
         208 cha272             11.88000      6.4631295E-04  0.0000000E+00
  2.6626263E-02
         209 cha273             16.11000      5.3917529E-04  0.0000000E+00
  3.0097969E-02
         210 cha274             41.76000      3.0598277E-04  0.2237170    
  1.0494191E-04
         211 cha275             13.14000      6.1360683E-04  0.1553306    
  0.0000000E+00
         212 cha276             33.21000      3.5126435E-04  0.2430158    
  1.4290369E-02
         213 cha277             11.43000      6.4516452E-04  0.0000000E+00
  6.2546812E-02
         214 cha278             32.85000      3.5414833E-04  0.3723170    
  7.9072226E-04
         215 cha279             9.810000      7.1077264E-04  0.0000000E+00
  3.3684526E-02
         216 cha280             12.87000      6.2242273E-04  0.5687175    
  0.0000000E+00
         217 cha281             1210.140      3.9648174E-05  0.0000000E+00
  5.2665640E-03
         218 cha283             150.1200      1.4125126E-04  2.7569190E-02
  1.7361832E-03
         219 cha285             77.22000      2.1122395E-04  0.1356384    
  3.9483360E-03
         220 cha286             45.45000      2.9063280E-04  0.1602242    
  3.6046975E-03
         221 cha287             28.26000      3.8658318E-04  0.1596237    
  1.4867787E-03
         222 cha289             21.51000      4.5473952E-04  0.1038670    
  3.1044383E-02
         223 cha291             15.03000      5.6495285E-04  0.2223935    
  6.8103266E-04
         224 cha292             635.9400      5.9150076E-05  0.0000000E+00
  2.9537026E-02
         225 cha293             584.2800      6.2675725E-05  6.7551099E-02
  4.1542757E-02
         226 cha295             491.7600      6.9240014E-05  9.1954768E-03
  5.8114979E-02
         227 cha297             455.2200      7.2597140E-05  2.6683746E-02
  2.0059772E-02
         228 cha298             412.9200      7.7186334E-05  7.7644639E-02
  2.1278474E-02
         229 cha299             261.5400      1.0072008E-04  0.0000000E+00
  2.6227841E-02
         230 cha301             240.0300      1.0618923E-04  0.0000000E+00
  4.6358697E-02
         231 cha302             293.6700      9.4329567E-05  1.6334055E-02
  3.6975820E-02
         232 cha303             218.9700      1.1288540E-04  7.0973299E-02
  2.1863393E-02
         233 cha304             199.5300      1.1904512E-04  2.4843335E-02
  3.8330182E-03
         234 cha305             218.5200      1.1256511E-04  0.0000000E+00
  1.3084903E-02
         235 cha307             203.0400      1.1792664E-04  4.6579473E-02
  2.7045919E-02
         236 cha308             163.3500      1.3369201E-04  0.0000000E+00
  3.9570790E-02
         237 cha309             179.4600      1.2629642E-04  0.0000000E+00
  2.5610214E-02
         238 cha310             178.8300      1.2753153E-04  8.6124495E-02
  2.7121320E-02
         239 cha311             156.0600      1.3763220E-04  0.0000000E+00
  1.0841129E-02
         240 cha312             181.0800      1.2508708E-04  0.0000000E+00
  9.1623634E-02
         241 cha313             158.5800      1.3729311E-04  0.1132163    
  3.0665480E-02
         242 cha314             184.6800      1.2507811E-04  9.2234753E-02
  2.7625708E-02
         243 cha315             150.2100      1.4143740E-04  7.5350329E-02
  3.3315325E-03
         244 cha316             90.36000      1.9147908E-04  1.8511623E-02
  4.4068336E-02
         245 cha317             134.3700      1.5112200E-04  6.0431827E-02
  1.1775071E-03
         246 cha318             139.7700      1.4705300E-04  0.0000000E+00
  3.5796449E-02
         247 cha319             221.4900      1.1210986E-04  4.2173482E-02
  3.0247772E-03
         248 cha320             91.35000      1.9107887E-04  0.1260233    
  1.6615742E-03
         249 cha321             162.7200      1.3449947E-04  2.2663780E-02
  5.0505120E-02
         250 cha322             145.8900      1.4459445E-04  0.2458380    
  8.6220697E-04
         251 cha323             85.32000      1.9904392E-04  0.1525501    
  9.5840509E-04
         252 cha324             135.2700      1.5041392E-04  4.9531706E-02
  6.4332308E-03
         253 cha325             74.97000      2.1457206E-04  3.0633567E-02
  3.0746222E-02
         254 cha326             116.1900      1.6541898E-04  0.1616087    
  3.7637495E-02
         255 cha328             102.5100      1.7771591E-04  7.1866482E-02
  6.1871503E-02
         256 cha330             111.7800      1.6831451E-04  0.0000000E+00
  4.0890489E-02
         257 cha331             135.0900      1.5072219E-04  6.3235179E-02
  3.2659594E-02
         258 cha332             62.55000      2.3916089E-04  6.1279058E-02
  3.8000796E-02
         259 cha333             77.76000      2.1049159E-04  0.1822653    
  0.1252657    
         260 cha334             63.00000      2.2889505E-04  0.0000000E+00
  0.1868144    
         261 cha336             71.91000      2.2042159E-04  0.1308124    
  7.7933548E-03
         262 cha337             55.80000      2.5637599E-04  0.1012360    
  9.0520447E-03
         263 cha338             78.03000      2.0919951E-04  4.7523115E-02
  1.8331781E-02
         264 cha341             48.69000      2.7940315E-04  0.2335321    
  5.6526411E-02
         265 cha342             60.75000      2.4378442E-04  0.1096428    
  1.7967690E-03
         266 cha343             66.42000      2.3087062E-04  4.2493235E-02
  9.5184697E-03
         267 cha344             45.27000      2.8984886E-04  4.8044953E-03
  5.7176385E-02
         268 cha346             118.3500      1.6331355E-04  0.1171292    
  3.7531892E-03
         269 cha348             57.69000      2.5197375E-04  0.1950601    
  2.7768131E-02
         270 cha349             46.26000      2.7956770E-04  0.0000000E+00
  0.2221401    
         271 cha350             74.34000      2.1597967E-04  9.5109515E-02
  5.2918006E-02
         272 cha351             35.46000      3.3585305E-04  1.2378610E-02
  5.6009456E-03
         273 cha352             50.49000      2.7249730E-04  0.1282998    
  3.0381768E-03
         274 cha353             51.66000      2.6798373E-04  2.7109336E-02
  3.6005441E-03
         275 cha354             42.75000      3.0008654E-04  1.5722809E-02
  2.2639742E-02
         276 cha355             40.68000      3.0868474E-04  0.0000000E+00
  2.5543034E-02
         277 cha356             60.12000      2.4567058E-04  0.1827814    
  6.5857549E-03
         278 cha357             55.26000      2.5754157E-04  2.4735868E-02
  5.8951019E-03
         279 cha358             28.80000      3.7745739E-04  0.0000000E+00
  3.4853876E-02
         280 cha359             22.77000      4.4099696E-04  0.3210078    
  8.3498703E-03
         281 cha360             23.85000      4.1636874E-04  0.0000000E+00
  6.3462570E-02
         282 cha361             31.59000      3.5094249E-04  0.0000000E+00
  2.6774563E-02
         283 cha362             27.00000      3.9782896E-04  0.2695048    
  2.5953420E-02
         284 cha364             12.15000      6.2371528E-04  0.0000000E+00
  3.3359937E-02
         285 cha365             10.35000      7.0805079E-04  0.3303058    
  1.9061314E-02
         286 cha366             9.630000      7.0719386E-04  0.0000000E+00
  6.1725557E-02
         287 cha367             14.49000      5.7831476E-04  0.3145621    
  0.0000000E+00
         288 cha368             11.34000      6.7176286E-04  0.4370258    
  2.0350689E-02
         289 cha369             45.81000      2.8979476E-04  0.2101950    
  7.6753214E-02
         290 cha370             29.34000      3.7880157E-04  0.2389689    
  3.0338978E-02
         291 cha371             9.090000      7.3879480E-04  0.0000000E+00
  0.2372306    
         292 cha372             25.38000      4.1155855E-04  0.1193611    
  2.7810251E-02
         293 cha373             18.54000      4.9663428E-04  6.0480822E-02
  6.0141739E-03
         294 cha375             9.540000      7.2230131E-04  0.0000000E+00
  4.5022111E-02
         295 cha376             48.78000      2.7820541E-04  0.1351068    
  3.3157662E-02
         296 cha377             24.75000      4.2044435E-04  0.3423612    
  5.3283852E-02
         297 cha378             9.000000      7.4343424E-04  0.0000000E+00
  0.2454317    
         298 cha379             14.31000      5.8281882E-04  0.3280771    
  1.0345738E-02
         299 cha380             23.76000      4.2902451E-04  0.2133260    
  2.3279298E-02
         300 cha381             12.96000      6.2280061E-04   2.730570    
  0.0000000E+00
         301 cha382             17.82000      5.1025586E-04  0.1646932    
  0.0000000E+00
         302 cha383             12.87000      6.2248547E-04  0.2575114    
  0.0000000E+00
         303 cha384             15.39000      5.5613299E-04  0.1049445    
  8.3168738E-02
         304 cha385             12.24000      6.1755866E-04  0.0000000E+00
  6.7433544E-02
         305 cha387             9.450000      7.2687259E-04  0.0000000E+00
  9.9891141E-02
         306 cha388             9.630000      7.0836395E-04  0.0000000E+00
  0.1518020    
         307 cha389             16.65000      5.3110142E-04  0.2255848    
  4.9928259E-03
         308 cha390             9.720000      7.0969237E-04  0.0000000E+00
  0.2307354    
         309 cha391             21.42000      4.4984900E-04  0.0000000E+00
  2.1434339E-02
         310 cha393             32.31000      3.5724865E-04  0.2284132    
  3.5490036E-02
         311 cha394             41.13000      3.0848300E-04  0.1636385    
  9.5577969E-04
         312 cha395             20.88000      4.6369096E-04  0.1272791    
  4.8928142E-02
         313 cha396             19.26000      4.8548327E-04  7.8118928E-02
  4.6718502E-03
         314 cha397             34.47000      3.4131287E-04  0.0000000E+00
  6.4375587E-02
         315 cha398             35.46000      3.3796817E-04  0.2188748    
  3.8446233E-02
         316 cha401             26.10000      4.0658447E-04  0.2395409    
  3.4639479E-03
         317 cha402             28.89000      3.7997132E-04  0.0000000E+00
  2.5192941E-02
         318 cha404             45.90000      2.8893084E-04  0.1895522    
  1.9735103E-02
         319 cha405             9.000000      7.3606032E-04  0.0000000E+00
  0.1629586    
         320 cha406             15.66000      5.5289344E-04  0.2919074    
  0.0000000E+00
         321 cha407             31.05000      3.6581396E-04  7.9551630E-02
  7.3409282E-02
         322 cha408             20.88000      4.6283330E-04  0.1169416    
  4.1513215E-03
         323 cha409             15.30000      5.6010875E-04  0.2988015    
  3.6660999E-02
         324 cha410             21.87000      4.5129642E-04  0.1070138    
  2.5226874E-02
         325 cha411             31.77000      3.6077760E-04  0.2334711    
  3.2634248E-03
         326 cha413             10.35000      7.0447766E-04  1.0308138E-02
  6.9647874E-03
         327 cha414             9.450000      7.1400369E-04  0.0000000E+00
  6.0081985E-02
         328 cha415             18.09000      5.0569134E-04  8.2442001E-02
  5.5525437E-02
         329 cha416             13.05000      6.1226217E-04  0.0000000E+00
  6.4384355E-03
         330 cha417             16.47000      5.3050177E-04  0.0000000E+00
  1.1118276E-02
         331 cha418             61.11000      2.4299465E-04  0.1208644    
  1.2630450E-02
         332 cha420             16.02000      5.4079568E-04  0.0000000E+00
  8.4177479E-03
         333 cha421             33.84000      3.4636020E-04  0.1523333    
  2.7557222E-02
         334 cha422             10.98000      6.7575183E-04  0.0000000E+00
  1.2409914E-02
         335 cha423             33.66000      3.4872885E-04  0.2347817    
  3.7118208E-02
         336 cha424             21.60000      4.5499328E-04  5.6803849E-02
  0.0000000E+00
         337 cha425             15.39000      5.3300685E-04  0.0000000E+00
  8.8320896E-03
         338 cha426             21.78000      4.5192562E-04  0.1953433    
  1.3905359E-03
         339 cha427             18.99000      4.9074407E-04  0.2016261    
  7.1303378E-04
         340 cha428             14.04000      5.8709009E-04  7.5141236E-02
  6.4642085E-03
         341 cha429             12.51000      6.3116726E-04  0.2606398    
  9.5145899E-04
         342 cha430             13.95000      5.9101864E-04  9.7254224E-02
  5.4108934E-03
         343 cha431             10.62000      6.7508296E-04  0.0000000E+00
  7.8736261E-02
         344 cha432             13.50000      6.0348347E-04  0.2616770    
  0.0000000E+00
         345 cha433             18.63000      4.9706030E-04  8.7172911E-02
  1.4176992E-03
         346 cha434             36.81000      3.3002708E-04  0.1860711    
  3.8582296E-03
         347 cha435             30.06000      3.7249966E-04  0.1858873    
  8.0213213E-04
         348 cha436             9.000000      7.3695986E-04  0.0000000E+00
  0.5604356    
         349 cha437             9.090000      7.6335535E-04  8.1931971E-02
  2.6185555E-02
         350 cha438             15.84000      5.4645201E-04  0.1393575    
  5.7945023E-03
         351 cha439             9.630000      7.3693652E-04  5.5177268E-02
  2.2591852E-02
         352 cha440             10.62000      6.9137948E-04  0.0000000E+00
  3.8874846E-02
         353 cha444             52.56000      2.6604207E-04  0.1001491    
  5.1274588E-03
         354 cha447             44.28000      2.9509794E-04  0.1871501    
  3.8036464E-03
         355 cha448             16.20000      5.4034038E-04  0.1420229    
  1.0974059E-02
         356 cha449             14.67000      5.7459745E-04  0.1494811    
  0.0000000E+00
         357 cha450             16.47000      5.3410797E-04  2.4324508E-02
  0.0000000E+00
         358 cha451             10.80000      6.8759941E-04  4.0470354E-02
  4.3443512E-02
         359 cha452             22.77000      4.3953926E-04  0.1384245    
  4.5042638E-02
         360 cha453             29.43000      3.7822433E-04  9.8899737E-02
  6.9121593E-03
         361 cha454             16.65000      5.3152710E-04  0.1696077    
  3.1750929E-02
         362 cha455             22.59000      4.4374177E-04  0.2838750    
  0.0000000E+00
         363 cha456             42.30000      3.0303947E-04  5.9103601E-02
  3.8044115E-03
         364 cha457             20.25000      4.7352540E-04  0.4142308    
  5.7716988E-02
         365 cha458             30.15000      3.7294772E-04  0.2640173    
  4.1880659E-03
         366 cha459             20.34000      4.7185493E-04  0.2709513    
  5.6879040E-02
         367 cha460             12.15000      6.4504315E-04  0.2924916    
  0.0000000E+00
         368 cha461             21.87000      4.5155230E-04  0.3052871    
  5.2037593E-02
         369 cha462             14.04000      5.9088698E-04  0.2208812    
  0.0000000E+00
         370 cha463             39.33000      3.1683766E-04  0.1770267    
  0.1084461    
         371 cha464             19.89000      4.7718833E-04  0.1262747    
  8.1899948E-03
         372 cha465             10.35000      7.0986862E-04  0.1394960    
  0.0000000E+00
         373 cha466             20.16000      4.7376959E-04  0.2123269    
  9.3147662E-03
         374 cha467             29.25000      3.7905294E-04  0.2752596    
  0.1024414    
         375 cha468             50.49000      2.7256913E-04  0.1558151    
  5.0398655E-02
         376 cha469             26.10000      4.0498463E-04  5.1821765E-02
  9.1414852E-03
         377 cha471             9.900000      7.2636199E-04  0.2536490    
  7.0157029E-02
         378 cha473             13.50000      6.0075824E-04  2.2110157E-02
  0.0000000E+00
         379 cha474             24.30000      4.2234594E-04  8.3750799E-02
  7.4935950E-02
         380 cha475             20.61000      4.6757422E-04  8.7317459E-02
  6.2297727E-03
         381 cha476             14.67000      5.7451130E-04  0.3610803    
  1.5358607E-03
         382 cha477             48.33000      2.7996741E-04  0.2056416    
  1.1429317E-02
         383 cha479             9.000000      7.3671434E-04  0.0000000E+00
  0.6668528    
         384 cha480             10.80000      6.7002472E-04  0.0000000E+00
  4.4629820E-02
         385 cha481             22.14000      4.4808851E-04  0.1256314    
  0.0000000E+00
         386 cha482             18.81000      4.9260806E-04  5.7142746E-02
  5.9195224E-02
         387 cha483             9.090000      7.6102768E-04  0.0000000E+00
  2.9155485E-02
         388 cha484             9.180000      7.3899888E-04  0.0000000E+00
  3.8822807E-02
         389 cha485             11.88000      6.3190429E-04  0.0000000E+00
  6.9976360E-02
         390 cha486             13.95000      5.9086492E-04  0.2693025    
  4.3846746E-03
         391 cha488             12.06000      6.4757850E-04  0.2499560    
  0.0000000E+00
         392 cha489             24.48000      4.1925331E-04  0.0000000E+00
  5.7111546E-02
         393 cha490             33.21000      3.5019385E-04  8.4406272E-02
  3.5397068E-02
         394 cha491             16.92000      5.2590657E-04  0.1729046    
  6.5218490E-03
         395 cha492             15.66000      5.4556358E-04  0.0000000E+00
  3.5288401E-02
         396 cha495             9.000000      7.7121943E-04  0.5392379    
  8.9208307E-03
         397 cha496             10.62000      6.9353706E-04  0.0000000E+00
  4.9702791E-03
         398 cha497             14.76000      5.7181437E-04  0.1446178    
  0.0000000E+00
         399 cha498             23.94000      4.2769039E-04  0.1577697    
  6.0596340E-03
         400 cha499             9.270000      7.3177845E-04  0.0000000E+00
  9.0578049E-02
         401 cha500             16.20000      5.4019626E-04  0.2503941    
  3.9842874E-03
         402 cha501             28.08000      3.8818413E-04  0.2077530    
  1.3263885E-02
         403 cha502             16.29000      5.3959037E-04  0.1989169    
  0.0000000E+00
         404 cha504             1767.600      3.0979943E-05  0.0000000E+00
  8.0501966E-02
         405 cha505             1730.430      3.2681546E-05  7.0503183E-02
  7.3095621E-06
         406 cha506             1701.540      3.2968699E-05  4.3938842E-02
  8.3639119E-05
         407 cha508             1627.020      3.3845747E-05  3.3303868E-02
  1.9556700E-04
         408 cha509             1186.110      3.9353294E-05  0.0000000E+00
  2.3640711E-02
         409 cha510             1170.000      4.1248812E-05  4.3291960E-02
  3.7686474E-04
         410 cha511             1112.220      4.2452051E-05  9.9296626E-03
  7.4841978E-04
         411 cha512             1069.560      4.1870535E-05  0.0000000E+00
  0.1187327    
         412 cha513             1027.260      4.4472978E-05  0.0000000E+00
  5.0608064E-03
         413 cha514             992.6100      4.5441575E-05  4.0676952E-03
  6.3688145E-03
         414 cha515             595.8900      6.1893690E-05  7.6828539E-02
  8.1021665E-04
         415 cha516             496.3500      6.8983412E-05  6.0153700E-02
  8.9549059E-03
         416 cha517             441.6300      7.4001036E-05  6.4706020E-02
  3.0285199E-03
         417 cha518             399.8700      7.8740675E-05  0.1150763    
  1.6099188E-03
         418 cha519             340.1100      8.6159780E-05  0.0000000E+00
  1.6682982E-02
         419 cha520             288.5400      9.6234762E-05  0.2640311    
  2.6804698E-03
         420 cha521             236.1600      1.0743504E-04  0.0000000E+00
  5.6716735E-03
         421 cha524             112.1400      1.6862969E-04  0.1041088    
  1.4609169E-03
         422 cha526             1158.030      4.0707822E-05  0.0000000E+00
  1.9197330E-02
         423 cha527             1028.610      4.3587675E-05  0.0000000E+00
  5.9360050E-02
         424 cha528             932.7600      4.7302859E-05  4.7059048E-02
  6.1661392E-03
         425 cha529             887.2200      4.8615781E-05  0.0000000E+00
  1.6594533E-02
         426 cha530             422.7300      7.5750679E-05  0.0000000E+00
  4.8556132E-03
         427 cha531             862.2900      4.9568735E-05  3.9540280E-02
  1.0160481E-02
         428 cha533             378.7200      8.1133949E-05  3.5320930E-02
  4.6751305E-04
         429 cha534             358.2900      8.3711624E-05  1.4348746E-02
  7.4643162E-03
         430 cha535             294.0300      9.4215538E-05  1.0406123E-02
  1.5139918E-02
         431 cha536             386.6400      8.0032041E-05  7.9415208E-03
  3.3366196E-03
         432 cha537             594.9000      6.1971965E-05  6.9599420E-02
  1.3761776E-02
         433 cha539             318.5100      9.0104739E-05  6.8570182E-02
  1.7487229E-04
         434 cha541             338.0400      8.6865366E-05  4.3541554E-02
  4.6011638E-03
         435 cha542             243.2700      1.0636199E-04  0.1218530    
  3.7558992E-05
         436 cha543             503.5500      6.8355635E-05  1.8641153E-02
  1.8847426E-02
         437 cha544             374.7600      8.1278922E-05  0.0000000E+00
  3.5000291E-02
         438 cha545             228.5100      1.1005782E-04  6.6921853E-02
  6.7596266E-04
         439 cha546             301.6800      9.2436741E-05  0.0000000E+00
  1.1991238E-02
         440 cha547             198.1800      1.1961829E-04  3.7185173E-02
  7.7582331E-04
         441 cha548             171.4500      1.3013843E-04  0.0000000E+00
  2.4546625E-04
         442 cha549             194.5800      1.2086203E-04  3.5547704E-02
  9.0361796E-03
         443 cha550             347.8500      8.5543725E-05  9.8215312E-02
  2.4865001E-02
         444 cha551             244.7100      1.0594432E-04  0.1503694    
  8.9032482E-04
         445 cha552             177.8400      1.2796423E-04  7.3232248E-02
  5.1905350E-03
         446 cha554             220.8600      1.1215870E-04  4.6274766E-02
  4.5671607E-03
         447 cha556             179.2800      1.2701329E-04  4.3938480E-02
  1.8136789E-03
         448 cha557             106.6500      1.7400263E-04  0.1394859    
  6.9372106E-04
         449 cha558             182.0700      1.2623519E-04  0.1331236    
  8.9812744E-03
         450 cha560             106.1100      1.7358086E-04  0.0000000E+00
  2.3014579E-02
         451 cha561             143.9100      1.4420223E-04  0.0000000E+00
  3.5501350E-02
         452 cha563             134.1900      1.5175318E-04  0.1010908    
  1.4848426E-03
         453 cha564             126.2700      1.5688370E-04  4.5578536E-02
  5.7835612E-03
         454 cha565             146.0700      1.4414568E-04  0.1503136    
  2.8988214E-02
         455 cha566             153.5400      1.3989676E-04  0.1550049    
  1.0269755E-02
         456 cha567             119.4300      1.6213508E-04  3.4221563E-02
  7.0251818E-03
         457 cha569             134.4600      1.5109876E-04  6.9674894E-02
  1.0197923E-02
         458 cha570             70.20000      2.2345464E-04  0.1207026    
  1.2016385E-02
         459 cha571             86.94000      1.9692171E-04  0.1061012    
  7.2863013E-03
         460 cha572             97.38000      1.8350779E-04  8.6852960E-02
  8.5372850E-03
         461 cha573             97.11000      1.8352829E-04  4.7425564E-02
  4.4670086E-03
         462 cha574             66.42000      2.3092530E-04  6.7455865E-02
  1.7473098E-02
         463 cha575             86.31000      1.9716615E-04  3.7287891E-02
  6.9631953E-03
         464 cha576             97.92000      1.8282930E-04  7.6119944E-02
  2.4028146E-03
         465 cha578             116.6400      1.6425077E-04  3.0879239E-03
  1.0553579E-02
         466 cha579             74.61000      2.1604495E-04  0.1119888    
  3.7117861E-05
         467 cha582             81.27000      2.0355727E-04  0.0000000E+00
  1.9168206E-02
         468 cha583             97.92000      1.8283894E-04  6.2928416E-02
  9.1776857E-03
         469 cha584             78.93000      2.0776411E-04  2.4207978E-02
  3.7612051E-03
         470 cha585             60.30000      2.4557573E-04  0.1089535    
  1.6751863E-03
         471 cha587             81.90000      2.0331294E-04  6.2502265E-02
  1.2979455E-02
         472 cha588             63.36000      2.3104361E-04  0.0000000E+00
  2.9266259E-02
         473 cha589             53.91000      2.6189245E-04  0.1056941    
  3.9680403E-02
         474 cha590             50.58000      2.7068972E-04  0.0000000E+00
  1.5836999E-02
         475 cha591             51.84000      2.6905796E-04  0.1668046    
  3.0584892E-02
         476 cha592             46.44000      2.8555616E-04  2.0146940E-02
  3.4129985E-02
         477 cha593             54.81000      2.5871338E-04  3.5860341E-02
  8.0292504E-03
         478 cha594             27.27000      3.9394703E-04  7.4640177E-02
  3.3148327E-03
         479 cha595             37.98000      3.2422063E-04  0.2994263    
  2.0018420E-03
         480 cha596             54.63000      2.5834501E-04  0.0000000E+00
  2.2460178E-02
         481 cha597             27.09000      3.9579094E-04  0.1532316    
  1.6458007E-02
         482 cha598             31.68000      3.6089201E-04  0.1369171    
  7.2300710E-02
         483 cha599             39.78000      3.1504675E-04  0.1072495    
  8.1452110E-04
         484 cha600             39.60000      3.1654094E-04  0.2890202    
  1.7387548E-04
         485 cha601             22.95000      4.3975111E-04  0.2931821    
  0.0000000E+00
         486 cha603             28.17000      3.8684992E-04  7.0088997E-02
  1.9918073E-03
         487 cha604             41.04000      3.0916304E-04  0.1927897    
  6.3967365E-03
         488 cha605             24.03000      4.2541118E-04  0.1395105    
  1.0842335E-02
         489 cha606             14.04000      5.7108887E-04  0.0000000E+00
  5.9309341E-02
         490 cha607             20.70000      4.6453471E-04  1.0585750E-02
  6.0061156E-03
         491 cha610             18.72000      4.9643713E-04  0.3150083    
  0.0000000E+00
         492 cha612             35.91000      3.3374160E-04  7.6210238E-02
  5.5574789E-03
         493 cha613             43.65000      2.9689909E-04  5.4024816E-02
  1.3843674E-02
         494 cha614             40.23000      3.1188049E-04  4.3690339E-02
  6.5322323E-03
         495 cha615             27.90000      3.9113985E-04  0.3510183    
  1.8732463E-03
         496 cha616             12.15000      6.4397679E-04  0.3627384    
  0.0000000E+00
         497 cha617             32.85000      3.5311724E-04  0.1421104    
  1.9766130E-02
         498 cha619             9.450000      7.4618176E-04  5.4595590E-02
  7.7188998E-03
         499 cha620             11.97000      6.2110752E-04  0.0000000E+00
  0.2887262    
         500 cha621             33.21000      3.5142389E-04  0.3416460    
  3.9225947E-03
         501 cha622             9.360000      7.2030263E-04  0.0000000E+00
  0.3997075    
         502 cha624             26.64000      4.0009982E-04  0.1990145    
  9.7759869E-03
         503 cha625             13.50000      5.9702311E-04  0.0000000E+00
  2.4706574E-02
         504 cha626             25.29000      4.1269819E-04  0.1047987    
  1.1256582E-02
         505 cha627             23.76000      4.2896683E-04  0.1463470    
  1.4419684E-02
         506 cha629             9.000000      7.6812052E-04  9.2590697E-02
  1.2339559E-02
         507 cha630             12.06000      6.4533507E-04  0.1768585    
  3.7314838E-03
         508 cha632             15.57000      5.5324176E-04  0.1514792    
  4.6906476E-03
         509 cha633             47.34000      2.8221187E-04  2.2849362E-02
  2.8560577E-02
         510 cha634             31.23000      3.6453808E-04  0.2592833    
  7.4967542E-03
         511 cha635             9.090000      7.6663081E-04  0.5587825    
  1.1016677E-02
         512 cha636             9.270000      7.2288612E-04  0.0000000E+00
  0.3362199    
         513 cha637             18.90000      4.9018551E-04  1.8355709E-03
  0.1152165    
         514 cha638             30.33000      3.7097358E-04  0.2363073    
  8.6630564E-03
         515 cha639             11.79000      6.5141276E-04  0.0000000E+00
  1.6040359E-02
         516 cha640             21.42000      4.5595711E-04  0.1244993    
  1.1799787E-02
         517 cha641             13.77000      5.9261662E-04  0.0000000E+00
  1.9999871E-02
         518 cha642             15.75000      5.4972270E-04  0.2205335    
  5.5654123E-02
         519 cha644             26.91000      3.9887658E-04  0.1730227    
  2.9709276E-03
         520 cha645             10.89000      6.8746385E-04  0.3969997    
  9.2311651E-03
         521 cha646             19.71000      4.8045663E-04  0.1872313    
  4.8925607E-03
         522 cha647             15.48000      5.5691035E-04  0.4171392    
  9.5106708E-03
         523 cha648             22.50000      4.4473071E-04  0.3361720    
  8.6132102E-03
         524 cha649             48.96000      2.7742705E-04  8.1360847E-02
  7.9625836E-03
         525 cha650             9.090000      7.6751504E-04  0.3478696    
  4.5782492E-02
         526 cha651             18.00000      5.0541916E-04  4.5850981E-02
  1.5560647E-02
         527 cha652             12.87000      5.9405400E-04  0.0000000E+00
  3.3634722E-02
         528 cha653             9.720000      7.1221561E-04  0.0000000E+00
  0.1426098    
         529 cha655             9.270000      7.5566908E-04  9.4788522E-02
  3.9469078E-03
         530 cha656             13.59000      5.9808273E-04  2.1352267E-02
  1.8915417E-02
         531 cha657             14.13000      5.8760127E-04  0.3518905    
  1.4761217E-02
         532 cha658             20.07000      4.7564309E-04  0.3088617    
  1.3133551E-02
         533 cha659             14.67000      5.4871262E-04  0.0000000E+00
  0.1096649    
         534 cha660             17.91000      5.0947565E-04  0.1536002    
  8.4943807E-05
         535 cha661             39.15000      3.1666714E-04  5.0213844E-02
  1.5197585E-02
         536 cha662             16.29000      5.3863198E-04  0.2143461    
  1.2435388E-02
         537 cha663             10.71000      6.9360313E-04  0.3676458    
  1.4552281E-02
         538 cha664             37.26000      3.2800494E-04  0.1805769    
  3.0599865E-03
         539 cha665             22.32000      4.4251693E-04  0.0000000E+00
  1.0398553E-02
         540 cha667             28.98000      3.8155387E-04  0.3408089    
  2.6947812E-03
         541 cha669             21.06000      4.4815664E-04  0.0000000E+00
  0.2470419    
         542 cha670             11.34000      6.7367818E-04  0.7358535    
  0.0000000E+00
         543 cha671             9.810000      6.9894030E-04  0.0000000E+00
  0.1088832    
         544 cha672             9.630000      7.4133609E-04  0.5436960    
  0.0000000E+00
         545 cha674             17.01000      5.2549219E-04  0.1929770    
  6.5124934E-03
         546 cha675             9.450000      7.4984180E-04  0.6569420    
  6.2750462E-03
         547 cha676             18.81000      4.9448345E-04  0.2228642    
  3.8085235E-03
         548 cha677             14.76000      5.7182828E-04  0.2001635    
  9.9248914E-03
         549 cha678             14.40000      5.7985407E-04  0.1930176    
  1.1336426E-02
         550 cha679             17.91000      5.1010359E-04  0.3602978    
  4.4342829E-03
         551 cha681             10.53000      6.7028846E-04  0.0000000E+00
  7.9125851E-02
         552 cha682             14.76000      5.7423359E-04  0.4980744    
  0.0000000E+00
         553 cha683             17.10000      5.2273413E-04  9.9313639E-02
  1.2029745E-02
         554 cha684             14.94000      5.6965917E-04  0.1728382    
  0.0000000E+00
         555 cha685             9.900000      7.2848244E-04  0.2373569    
  0.0000000E+00
         556 cha686             15.75000      5.5061415E-04  0.3143140    
  3.7957455E-03
         557 cha687             41.13000      3.0907217E-04  0.3140982    
  1.5134017E-02
         558 cha688             16.11000      5.4372562E-04  0.1185230    
  0.0000000E+00
         559 cha689             10.80000      6.8737991E-04  3.0237112E-02
  0.0000000E+00
         560 cha690             24.93000      4.1693304E-04  0.2366828    
  8.8851592E-03
         561 cha691             27.00000      3.9776214E-04  0.2254708    
  8.9203203E-03
         562 cha692             63.45000      2.3803946E-04  0.1775045    
  5.5016642E-03
         563 cha693             22.68000      4.4193963E-04  0.1991062    
  6.1731408E-03
         564 cha694             42.57000      3.0260169E-04  0.2237469    
  5.1325392E-03
         565 cha695             36.90000      3.2989547E-04  0.1374411    
  0.0000000E+00
         566 cha696             20.34000      4.7192609E-04  0.3131986    
  1.2602543E-02
         567 cha697             25.47000      4.1208658E-04  0.1857492    
  5.3485548E-03
         568 cha699             10.17000      7.1644312E-04  0.4023261    
  7.7099930E-03
         569 cha700             24.03000      4.2723841E-04  0.2823854    
  0.0000000E+00
         570 cha701             12.51000      6.3276681E-04  0.2281882    
  0.0000000E+00
         571 cha702             11.88000      6.4956915E-04  0.1039405    
  2.2494916E-02
         572 cha703             10.71000      6.6300918E-04  0.0000000E+00
  0.2926943    
         573 cha704             12.96000      6.2013988E-04  0.2788709    
  0.0000000E+00
         574 cha705             17.01000      5.2488147E-04  0.2367129    
  4.7552716E-03
         575 cha706             18.54000      4.9904641E-04  0.2411615    
  0.0000000E+00
         576 cha707             15.12000      5.6571316E-04  0.2840264    
  0.0000000E+00
         577 cha708             39.60000      3.1545997E-04  0.1209978    
  4.2136732E-04
         578 cha709             91.62000      1.9073360E-04  0.1487160    
  4.7193017E-04
         579 cha710             10.80000      6.8766321E-04  8.7470576E-02
  1.2257404E-02
         580 cha711             14.22000      5.8364531E-04  0.1718844    
  2.2866329E-02
         581 cha712             29.34000      3.7849948E-04  0.2176023    
  5.5549946E-03
         582 cha713             19.80000      4.8101606E-04  0.3734759    
  0.0000000E+00
         583 cha714             16.65000      5.3128781E-04  0.1609341    
  1.0414599E-02
         584 cha715             16.38000      5.3465681E-04  3.3056285E-02
  2.4864476E-02
         585 cha716             9.810000      7.3332456E-04  0.5064732    
  0.0000000E+00
         586 cha717             13.32000      6.0800090E-04  0.3431149    
  0.0000000E+00
         587 cha718             25.47000      4.1117301E-04  0.1528256    
  0.0000000E+00
         588 cha719             14.31000      5.7871814E-04  0.0000000E+00
  1.6072627E-02
         589 cha720             10.53000      7.0338877E-04  0.3399429    
  0.0000000E+00
         590 cha722             61.56000      2.4141248E-04  6.8437859E-02
  2.2540654E-03
         591 cha724             34.38000      3.4361496E-04  0.2416256    
  4.5625898E-03
         592 cha725             21.15000      4.5632845E-04  0.0000000E+00
  1.4135061E-02
         593 cha726             15.21000      5.5839203E-04  0.0000000E+00
  1.9471623E-02
