 ceap_07010101             SWAT+ 2025-09-03        MODULAR Rev 2025.61.0.2.5-474-g1a4c1fa                 
  jday   mon   day    yr    unit  gis_id  name                  precip     snofall      snomlt    surq_gen        latq    wateryld        perc          et     ecanopy      eplant       esoil   surq_cont          cn     sw_init    sw_final      sw_ave      sw_300    sno_init   sno_final     snopack         pet       qtile         irr  surq_runon  latq_runon    overbank    surq_cha    surq_res     surq_ls    latq_cha    latq_res     latq_ls     gwsoilq       satex  satex_chan   sw_change     lagsurf     laglatq    lagsatex    wet_evap    wet_oflo    wet_stor   plant_cov       mgt_ops                    
                                                                  mm            mm          mm          mm          mm          mm          mm          mm          mm          mm          mm          mm         ---          mm          mm          mm          mm          mm          mm          mm          mm          mm          mm          mm          mm          mm          mm          mm          mm          mm          mm          mm          mm          mm          mm          mm          mm          mm          mm          mm          mm          mm
    31     1    31  2000       1       1  ceap_07010101          0.000       0.000       0.000       0.000       0.000       0.000       0.000       0.000       0.000       0.000       0.000       0.000       0.004       0.002       0.002       0.002       0.000       0.000       0.000       0.000       0.000       0.000       0.000       0.000       0.000       0.000       0.000       0.000       0.000       0.000       0.000       0.000       0.000       0.000       0.000      -0.000       0.000       0.000       0.000       0.000       0.000       0.000
    60     2    29  2000       1       1  ceap_07010101          0.000       0.000       0.000       0.000       0.000       0.000       0.000       0.000       0.000       0.000       0.000       0.000       0.004       0.002       0.002       0.002       0.000       0.000       0.001       0.001       0.000       0.000       0.000       0.000       0.000       0.000       0.000       0.000       0.000       0.000       0.000       0.000       0.000       0.000       0.000      -0.000       0.000       0.000       0.000       0.000       0.000       0.000
    91     3    31  2000       1       1  ceap_07010101          0.001       0.001       0.002       0.000       0.000       0.000       0.000       0.001       0.000       0.000       0.001       0.001       0.004       0.002       0.002       0.002       0.001       0.001       0.000       0.000       0.001       0.000       0.000       0.000       0.000       0.000       0.000       0.000       0.000       0.000       0.000       0.000       0.000       0.000       0.000       0.001       0.000       0.000       0.000       0.000       0.000       0.000
   121     4    30  2000       1       1  ceap_07010101          0.002       0.001       0.001       0.000       0.000       0.000       0.000       0.001       0.000       0.000       0.001       0.000       0.003       0.002       0.003       0.003       0.001       0.000       0.000       0.000       0.002       0.000       0.000       0.000       0.000       0.000       0.000       0.000       0.000       0.000       0.000       0.000       0.000       0.000       0.000       0.001       0.000       0.000       0.000       0.000       0.000       0.000
   152     5    31  2000       1       1  ceap_07010101          0.001       0.000       0.000       0.000       0.000       0.000       0.000       0.001       0.000       0.000       0.001       0.000       0.003       0.003       0.003       0.003       0.001       0.000       0.000       0.000       0.004       0.000       0.000       0.000       0.000       0.000       0.000       0.000       0.000       0.000       0.000       0.000       0.000       0.000       0.000      -0.000       0.000       0.000       0.000       0.000       0.000       0.000
   182     6    30  2000       1       1  ceap_07010101          0.003       0.000       0.000       0.000       0.000       0.000       0.000       0.002       0.000       0.000       0.002       0.000       0.003       0.003       0.004       0.003       0.001       0.000       0.000       0.000       0.004       0.000       0.000       0.000       0.000       0.000       0.000       0.000       0.000       0.000       0.000       0.000       0.000       0.000       0.000       0.001       0.000       0.000       0.000       0.000       0.000       0.000
   213     7    31  2000       1       1  ceap_07010101          0.004       0.000       0.000       0.000       0.000       0.000       0.000       0.002       0.000       0.000       0.002       0.000       0.004       0.004       0.005       0.004       0.001       0.000       0.000       0.000       0.004       0.000       0.000       0.000       0.000       0.000       0.000       0.000       0.000       0.000       0.000       0.000       0.000       0.000       0.000       0.001       0.000       0.000       0.000       0.000       0.000       0.000
   244     8    31  2000       1       1  ceap_07010101          0.003       0.000       0.000       0.000       0.000       0.000       0.000       0.002       0.000       0.000       0.002       0.000       0.004       0.005       0.006       0.005       0.001       0.000       0.000       0.000       0.004       0.000       0.000       0.000       0.000       0.000       0.000       0.000       0.000       0.000       0.000       0.000       0.000       0.000       0.000       0.001       0.000       0.000       0.000       0.000       0.000       0.000
   274     9    30  2000       1       1  ceap_07010101          0.002       0.000       0.000       0.000       0.000       0.000       0.000       0.001       0.000       0.000       0.001       0.000       0.004       0.006       0.006       0.006       0.001       0.000       0.000       0.000       0.002       0.000       0.000       0.000       0.000       0.000       0.000       0.000       0.000       0.000       0.000       0.000       0.000       0.000       0.000       0.000       0.000       0.000       0.000       0.000       0.000       0.000
   305    10    31  2000       1       1  ceap_07010101          0.001       0.000       0.000       0.000       0.000       0.000       0.000       0.001       0.000       0.000       0.001       0.000       0.004       0.006       0.007       0.007       0.001       0.000       0.000       0.000       0.001       0.000       0.000       0.000       0.000       0.000       0.000       0.000       0.000       0.000       0.000       0.000       0.000       0.000       0.000       0.000       0.000       0.000       0.000       0.000       0.000       0.000
   335    11    30  2000       1       1  ceap_07010101          0.002       0.001       0.001       0.001       0.000       0.001       0.000       0.000       0.000       0.000       0.000       0.001       0.004       0.007       0.007       0.007       0.002       0.000       0.000       0.000       0.000       0.000       0.000       0.000       0.000       0.000       0.000       0.000       0.000       0.000       0.000       0.000       0.000       0.000       0.000       0.000       0.001       0.000       0.000       0.000       0.000       0.000
   366    12    31  2000       1       1  ceap_07010101          0.002       0.002       0.000       0.000       0.000       0.000       0.000       0.000       0.000       0.000       0.000       0.000       0.004       0.007       0.007       0.007       0.002       0.000       0.002       0.001       0.000       0.000       0.000       0.000       0.000       0.000       0.000       0.000       0.000       0.000       0.000       0.000       0.000       0.000       0.000      -0.000       0.000       0.000       0.000       0.000       0.000       0.000
