 ceap_07010101             SWAT+ 2025-09-03        MODULAR Rev 2025.61.0.2.5-474-g1a4c1fa                 
   jday   mon   day    yr   unit  gis_id  name                     lai       bioms       yield     residue     sol_tmp       strsw       strsa     strstmp       strsn       strsp       strss        nplt       percn       pplnt         tmx         tmn       tmpav     solarad      wndspd        rhum     phubas0     lai_max      bm_max     bm_grow       c_gro   plant_cov       mgt_ops                    
                                                             m**2/m**2        kgha        kgha        kgha        degc        ----        ----        ----        ----        ----        ----        kgha        kgha        kgha        degc        degc        degc      mj/m^2         m/s        frac        degc   m**2/m**2       kg/ha       kg/ha       kg/ha
    31     1    31  2000       1       1  ceap_07010101          0.000       0.000       0.000       0.000      -0.001       0.000       0.000       0.000       0.000       0.000       0.000       0.000       0.000       0.000      -0.000      -0.001      -0.001       0.000       0.000       0.000       0.000       0.000       0.000       0.000       0.000
    60     2    29  2000       1       1  ceap_07010101          0.000       0.000       0.000       0.000      -0.001       0.000       0.000       0.000       0.000       0.000       0.000       0.000       0.000       0.000      -0.000      -0.001      -0.001       0.000       0.000       0.000       0.000       0.000       0.000       0.000       0.000
    91     3    31  2000       1       1  ceap_07010101          0.000       0.000       0.000       0.000      -0.000       0.000       0.000       0.000       0.000       0.000       0.000       0.000       0.000       0.000       0.000      -0.000      -0.000       0.001       0.000       0.000       0.000       0.000       0.000       0.000       0.000
   121     4    30  2000       1       1  ceap_07010101          0.000       0.000       0.000       0.000       0.000       0.000       0.000       0.000       0.000       0.000       0.000       0.000       0.000       0.000       0.000      -0.000       0.000       0.001       0.000       0.000       0.000       0.000       0.000       0.000       0.000
   152     5    31  2000       1       1  ceap_07010101          0.000       0.000       0.000       0.000       0.001       0.000       0.000       0.000       0.000       0.000       0.000       0.000       0.000       0.000       0.001       0.000       0.001       0.001       0.000       0.000       0.000       0.000       0.000       0.000       0.000
   182     6    30  2000       1       1  ceap_07010101          0.000       0.000       0.000       0.000       0.001       0.000       0.000       0.000       0.000       0.000       0.000       0.000       0.000       0.000       0.001       0.000       0.001       0.001       0.000       0.000       0.000       0.000       0.000       0.000       0.000
   213     7    31  2000       1       1  ceap_07010101          0.000       0.000       0.000       0.000       0.001       0.000       0.000       0.000       0.000       0.000       0.000       0.000       0.000       0.000       0.001       0.001       0.001       0.001       0.000       0.000       0.000       0.000       0.000       0.000       0.000
   244     8    31  2000       1       1  ceap_07010101          0.000       0.000       0.000       0.000       0.001       0.000       0.000       0.000       0.000       0.000       0.000       0.000       0.000       0.000       0.001       0.001       0.001       0.001       0.000       0.000       0.000       0.000       0.000       0.000       0.000
   274     9    30  2000       1       1  ceap_07010101          0.000       0.000       0.000       0.000       0.001       0.000       0.000       0.000       0.000       0.000       0.000       0.000       0.000       0.000       0.001       0.000       0.001       0.001       0.000       0.000       0.000       0.000       0.000       0.000       0.000
   305    10    31  2000       1       1  ceap_07010101          0.000       0.000       0.000       0.000       0.000       0.000       0.000       0.000       0.000       0.000       0.000       0.000       0.000       0.000       0.001       0.000       0.000       0.000       0.000       0.000       0.000       0.000       0.000       0.000       0.000
   335    11    30  2000       1       1  ceap_07010101          0.000       0.000       0.000       0.000      -0.000       0.000       0.000       0.000       0.000       0.000       0.000       0.000       0.000       0.000       0.000      -0.000      -0.000       0.000       0.000       0.000       0.000       0.000       0.000       0.000       0.000
   366    12    31  2000       1       1  ceap_07010101          0.000       0.000       0.000       0.000      -0.001       0.000       0.000       0.000       0.000       0.000       0.000       0.000       0.000       0.000      -0.000      -0.001      -0.001       0.000       0.000       0.000       0.000       0.000       0.000       0.000       0.000
