 ceap_07010101             SWAT+ 2025-09-15        MODULAR Rev 2025.61.0.2.5-359-g015381a                 
  jday   mon   day    yr    unit  gis_id  name            grzn        grzp        lab_min_p   act_sta_p       fertn            fertp            fixn             denit            act_nit_n        act_sta_n        org_lab_p        rsd_nitorg_n     rsd_laborg_p    no3atmo          nh4atmo          nuptake          puptake          gwsoiln          gwsoilp      plant_cov       mgt_ops                       
                                                          kgha        kgha        kgha        kgha             kgha             kgha             kgha             kgha             kgha             kgha             kgha             kgha             kgha             kgha             kgha             kgha             kgha             kgha             kgha       
    31     1    31  2000       1       1  ceap_07010101          0.000       0.000       0.000       0.000            0.000            0.000            0.000            0.000            0.000           -0.000            0.000            0.000            0.000            0.000            0.000            0.000            0.000            0.000            0.000
    60     2    29  2000       1       1  ceap_07010101          0.000       0.000       0.000       0.000            0.000            0.000            0.000            0.000            0.000           -0.000            0.000            0.000            0.000            0.000            0.000            0.000            0.000            0.000            0.000
    91     3    31  2000       1       1  ceap_07010101          0.000       0.000       0.000       0.000            0.000            0.000            0.000            0.000            0.000           -0.000            0.000            0.000            0.000            0.000            0.000            0.000            0.000            0.000            0.000
   121     4    30  2000       1       1  ceap_07010101          0.000       0.000       0.000       0.000            0.000            0.000            0.000            0.000            0.000           -0.000            0.000            0.000            0.000            0.000            0.000            0.000            0.000            0.000            0.000
   152     5    31  2000       1       1  ceap_07010101          0.000       0.000       0.000       0.000            0.000            0.000            0.000            0.000            0.000           -0.000            0.000            0.000            0.000            0.000            0.000            0.000            0.000            0.000            0.000
   182     6    30  2000       1       1  ceap_07010101          0.000       0.000       0.000       0.000            0.000            0.000            0.000            0.000            0.000           -0.000            0.000            0.000            0.000            0.000            0.000            0.000            0.000            0.000            0.000
   213     7    31  2000       1       1  ceap_07010101          0.000       0.000       0.000       0.000            0.000            0.000            0.000            0.000            0.000           -0.000            0.000            0.000            0.000            0.000            0.000            0.000            0.000            0.000            0.000
   244     8    31  2000       1       1  ceap_07010101          0.000       0.000       0.000       0.000            0.000            0.000            0.000            0.000            0.000           -0.000            0.000            0.000            0.000            0.000            0.000            0.000            0.000            0.000            0.000
   274     9    30  2000       1       1  ceap_07010101          0.000       0.000       0.000       0.000            0.000            0.000            0.000            0.000            0.000           -0.000            0.000            0.000            0.000            0.000            0.000            0.000            0.000            0.000            0.000
   305    10    31  2000       1       1  ceap_07010101          0.000       0.000       0.000       0.000            0.000            0.000            0.000            0.000            0.000           -0.000            0.000            0.000            0.000            0.000            0.000            0.000            0.000            0.000            0.000
   335    11    30  2000       1       1  ceap_07010101          0.000       0.000       0.000       0.000            0.000            0.000            0.000            0.000            0.000           -0.000            0.000            0.000            0.000            0.000            0.000            0.000            0.000            0.000            0.000
   366    12    31  2000       1       1  ceap_07010101          0.000       0.000       0.000       0.000            0.000            0.000            0.000            0.000            0.000           -0.000            0.000            0.000            0.000            0.000            0.000            0.000            0.000            0.000            0.000
