 ceap_07010101             SWAT+ 2025-09-03        MODULAR Rev 2025.61.0.2.5-474-g1a4c1fa                 
   jday   mon   day    yr   unit  gis_id  name                    flo_in          geo_bf         flo_out           peakr         sed_in        sed_out         washld          bedld            dep        deg_btm       deg_bank         hc_sed          width          depth          slope        deg_btm       deg_bank         hc_len      flo_in_mm       aqu_in_mm      flo_out_mm        sed_stor      n_tot          p_tot         dep_bf        velav_bf        
                                                                   m^3/s           m^3/s           m^3/s           m^3/s           tons           tons           tons           tons           tons           tons           tons           tons              m              m            m/m              m              m              m             mm              mm              mm            tons       kg_N           kg_P            m/s             m/s        
    31     1    31  2000       1       1  cha_1                0.0000E+00     0.0000E+00     0.5815E+01     0.0000E+00     0.0000E+00     0.4679E+02     0.4679E+02     0.0000E+00     0.0000E+00     0.0000E+00     0.0000E+00     0.0000E+00     0.6695E+01     0.9751E+00     0.1000E-03     0.0000E+00     0.0000E+00     0.0000E+00     0.0000E+00     0.0000E+00     0.2033E+03     0.0000E+00     0.1509E+04     0.1509E+04     0.9751E+00     0.0000E+00
    31     1    31  2000       2       1  cha_2                0.0000E+00     0.0000E+00     0.9325E+00     0.0000E+00     0.0000E+00     0.7503E+01     0.7503E+01     0.0000E+00     0.0000E+00     0.0000E+00     0.0000E+00     0.0000E+00     0.8475E+01     0.5994E+00     0.2385E-02     0.0000E+00     0.0000E+00     0.0000E+00     0.0000E+00     0.0000E+00     0.1023E+03     0.5988E-02     0.2420E+03     0.2420E+03     0.5994E+00     0.0000E+00
    60     2    29  2000       1       1  cha_1                0.0000E+00     0.0000E+00     0.0000E+00     0.0000E+00     0.0000E+00     0.0000E+00     0.0000E+00     0.0000E+00     0.0000E+00     0.0000E+00     0.0000E+00     0.0000E+00     0.6695E+01     0.9751E+00     0.1000E-03     0.0000E+00     0.0000E+00     0.0000E+00     0.0000E+00     0.0000E+00     0.0000E+00     0.0000E+00     0.0000E+00     0.0000E+00     0.9751E+00     0.0000E+00
    60     2    29  2000       2       1  cha_2                0.0000E+00     0.0000E+00     0.0000E+00     0.0000E+00     0.0000E+00     0.0000E+00     0.0000E+00     0.0000E+00     0.0000E+00     0.0000E+00     0.0000E+00     0.0000E+00     0.8475E+01     0.5994E+00     0.2385E-02     0.0000E+00     0.0000E+00     0.0000E+00     0.0000E+00     0.0000E+00     0.0000E+00     0.1668E-04     0.0000E+00     0.0000E+00     0.5994E+00     0.0000E+00
    91     3    31  2000       1       1  cha_1                0.0000E+00     0.0000E+00     0.0000E+00     0.0000E+00     0.0000E+00     0.0000E+00     0.0000E+00     0.0000E+00     0.0000E+00     0.0000E+00     0.0000E+00     0.0000E+00     0.6695E+01     0.9751E+00     0.1000E-03     0.0000E+00     0.0000E+00     0.0000E+00     0.0000E+00     0.0000E+00     0.0000E+00     0.0000E+00     0.0000E+00     0.0000E+00     0.9751E+00     0.0000E+00
    91     3    31  2000       2       1  cha_2                0.0000E+00     0.0000E+00     0.0000E+00     0.0000E+00     0.0000E+00     0.0000E+00     0.0000E+00     0.0000E+00     0.0000E+00     0.0000E+00     0.0000E+00     0.0000E+00     0.8475E+01     0.5994E+00     0.2385E-02     0.0000E+00     0.0000E+00     0.0000E+00     0.0000E+00     0.0000E+00     0.0000E+00     0.1668E-04     0.0000E+00     0.0000E+00     0.5994E+00     0.0000E+00
   121     4    30  2000       1       1  cha_1                0.0000E+00     0.0000E+00     0.0000E+00     0.0000E+00     0.0000E+00     0.0000E+00     0.0000E+00     0.0000E+00     0.0000E+00     0.0000E+00     0.0000E+00     0.0000E+00     0.6695E+01     0.9751E+00     0.1000E-03     0.0000E+00     0.0000E+00     0.0000E+00     0.0000E+00     0.0000E+00     0.0000E+00     0.0000E+00     0.0000E+00     0.0000E+00     0.9751E+00     0.0000E+00
   121     4    30  2000       2       1  cha_2                0.0000E+00     0.0000E+00     0.0000E+00     0.0000E+00     0.0000E+00     0.0000E+00     0.0000E+00     0.0000E+00     0.0000E+00     0.0000E+00     0.0000E+00     0.0000E+00     0.8475E+01     0.5994E+00     0.2385E-02     0.0000E+00     0.0000E+00     0.0000E+00     0.0000E+00     0.0000E+00     0.0000E+00     0.1668E-04     0.0000E+00     0.0000E+00     0.5994E+00     0.0000E+00
   152     5    31  2000       1       1  cha_1                0.0000E+00     0.0000E+00     0.0000E+00     0.0000E+00     0.0000E+00     0.0000E+00     0.0000E+00     0.0000E+00     0.0000E+00     0.0000E+00     0.0000E+00     0.0000E+00     0.6695E+01     0.9751E+00     0.1000E-03     0.0000E+00     0.0000E+00     0.0000E+00     0.0000E+00     0.0000E+00     0.0000E+00     0.0000E+00     0.0000E+00     0.0000E+00     0.9751E+00     0.0000E+00
   152     5    31  2000       2       1  cha_2                0.0000E+00     0.0000E+00     0.0000E+00     0.0000E+00     0.0000E+00     0.0000E+00     0.0000E+00     0.0000E+00     0.0000E+00     0.0000E+00     0.0000E+00     0.0000E+00     0.8475E+01     0.5994E+00     0.2385E-02     0.0000E+00     0.0000E+00     0.0000E+00     0.0000E+00     0.0000E+00     0.0000E+00     0.1668E-04     0.0000E+00     0.0000E+00     0.5994E+00     0.0000E+00
   182     6    30  2000       1       1  cha_1                0.0000E+00     0.0000E+00     0.0000E+00     0.0000E+00     0.0000E+00     0.0000E+00     0.0000E+00     0.0000E+00     0.0000E+00     0.0000E+00     0.0000E+00     0.0000E+00     0.6695E+01     0.9751E+00     0.1000E-03     0.0000E+00     0.0000E+00     0.0000E+00     0.0000E+00     0.0000E+00     0.0000E+00     0.0000E+00     0.0000E+00     0.0000E+00     0.9751E+00     0.0000E+00
   182     6    30  2000       2       1  cha_2                0.0000E+00     0.0000E+00     0.0000E+00     0.0000E+00     0.0000E+00     0.0000E+00     0.0000E+00     0.0000E+00     0.0000E+00     0.0000E+00     0.0000E+00     0.0000E+00     0.8475E+01     0.5994E+00     0.2385E-02     0.0000E+00     0.0000E+00     0.0000E+00     0.0000E+00     0.0000E+00     0.0000E+00     0.1668E-04     0.0000E+00     0.0000E+00     0.5994E+00     0.0000E+00
   213     7    31  2000       1       1  cha_1                0.0000E+00     0.0000E+00     0.0000E+00     0.0000E+00     0.0000E+00     0.0000E+00     0.0000E+00     0.0000E+00     0.0000E+00     0.0000E+00     0.0000E+00     0.0000E+00     0.6695E+01     0.9751E+00     0.1000E-03     0.0000E+00     0.0000E+00     0.0000E+00     0.0000E+00     0.0000E+00     0.0000E+00     0.0000E+00     0.0000E+00     0.0000E+00     0.9751E+00     0.0000E+00
   213     7    31  2000       2       1  cha_2                0.0000E+00     0.0000E+00     0.0000E+00     0.0000E+00     0.0000E+00     0.0000E+00     0.0000E+00     0.0000E+00     0.0000E+00     0.0000E+00     0.0000E+00     0.0000E+00     0.8475E+01     0.5994E+00     0.2385E-02     0.0000E+00     0.0000E+00     0.0000E+00     0.0000E+00     0.0000E+00     0.0000E+00     0.1668E-04     0.0000E+00     0.0000E+00     0.5994E+00     0.0000E+00
   244     8    31  2000       1       1  cha_1                0.0000E+00     0.0000E+00     0.0000E+00     0.0000E+00     0.0000E+00     0.0000E+00     0.0000E+00     0.0000E+00     0.0000E+00     0.0000E+00     0.0000E+00     0.0000E+00     0.6695E+01     0.9751E+00     0.1000E-03     0.0000E+00     0.0000E+00     0.0000E+00     0.0000E+00     0.0000E+00     0.0000E+00     0.0000E+00     0.0000E+00     0.0000E+00     0.9751E+00     0.0000E+00
   244     8    31  2000       2       1  cha_2                0.0000E+00     0.0000E+00     0.0000E+00     0.0000E+00     0.0000E+00     0.0000E+00     0.0000E+00     0.0000E+00     0.0000E+00     0.0000E+00     0.0000E+00     0.0000E+00     0.8475E+01     0.5994E+00     0.2385E-02     0.0000E+00     0.0000E+00     0.0000E+00     0.0000E+00     0.0000E+00     0.0000E+00     0.1668E-04     0.0000E+00     0.0000E+00     0.5994E+00     0.0000E+00
   274     9    30  2000       1       1  cha_1                0.0000E+00     0.0000E+00     0.0000E+00     0.0000E+00     0.0000E+00     0.0000E+00     0.0000E+00     0.0000E+00     0.0000E+00     0.0000E+00     0.0000E+00     0.0000E+00     0.6695E+01     0.9751E+00     0.1000E-03     0.0000E+00     0.0000E+00     0.0000E+00     0.0000E+00     0.0000E+00     0.0000E+00     0.0000E+00     0.0000E+00     0.0000E+00     0.9751E+00     0.0000E+00
   274     9    30  2000       2       1  cha_2                0.0000E+00     0.0000E+00     0.0000E+00     0.0000E+00     0.0000E+00     0.0000E+00     0.0000E+00     0.0000E+00     0.0000E+00     0.0000E+00     0.0000E+00     0.0000E+00     0.8475E+01     0.5994E+00     0.2385E-02     0.0000E+00     0.0000E+00     0.0000E+00     0.0000E+00     0.0000E+00     0.0000E+00     0.1668E-04     0.0000E+00     0.0000E+00     0.5994E+00     0.0000E+00
   305    10    31  2000       1       1  cha_1                0.0000E+00     0.0000E+00     0.0000E+00     0.0000E+00     0.0000E+00     0.0000E+00     0.0000E+00     0.0000E+00     0.0000E+00     0.0000E+00     0.0000E+00     0.0000E+00     0.6695E+01     0.9751E+00     0.1000E-03     0.0000E+00     0.0000E+00     0.0000E+00     0.0000E+00     0.0000E+00     0.0000E+00     0.0000E+00     0.0000E+00     0.0000E+00     0.9751E+00     0.0000E+00
   305    10    31  2000       2       1  cha_2                0.0000E+00     0.0000E+00     0.0000E+00     0.0000E+00     0.0000E+00     0.0000E+00     0.0000E+00     0.0000E+00     0.0000E+00     0.0000E+00     0.0000E+00     0.0000E+00     0.8475E+01     0.5994E+00     0.2385E-02     0.0000E+00     0.0000E+00     0.0000E+00     0.0000E+00     0.0000E+00     0.0000E+00     0.1668E-04     0.0000E+00     0.0000E+00     0.5994E+00     0.0000E+00
   335    11    30  2000       1       1  cha_1                0.0000E+00     0.0000E+00     0.0000E+00     0.0000E+00     0.0000E+00     0.0000E+00     0.0000E+00     0.0000E+00     0.0000E+00     0.0000E+00     0.0000E+00     0.0000E+00     0.6695E+01     0.9751E+00     0.1000E-03     0.0000E+00     0.0000E+00     0.0000E+00     0.0000E+00     0.0000E+00     0.0000E+00     0.0000E+00     0.0000E+00     0.0000E+00     0.9751E+00     0.0000E+00
   335    11    30  2000       2       1  cha_2                0.0000E+00     0.0000E+00     0.0000E+00     0.0000E+00     0.0000E+00     0.0000E+00     0.0000E+00     0.0000E+00     0.0000E+00     0.0000E+00     0.0000E+00     0.0000E+00     0.8475E+01     0.5994E+00     0.2385E-02     0.0000E+00     0.0000E+00     0.0000E+00     0.0000E+00     0.0000E+00     0.0000E+00     0.1668E-04     0.0000E+00     0.0000E+00     0.5994E+00     0.0000E+00
   366    12    31  2000       1       1  cha_1                0.0000E+00     0.0000E+00     0.0000E+00     0.0000E+00     0.0000E+00     0.0000E+00     0.0000E+00     0.0000E+00     0.0000E+00     0.0000E+00     0.0000E+00     0.0000E+00     0.6695E+01     0.9751E+00     0.1000E-03     0.0000E+00     0.0000E+00     0.0000E+00     0.0000E+00     0.0000E+00     0.0000E+00     0.0000E+00     0.0000E+00     0.0000E+00     0.9751E+00     0.0000E+00
   366    12    31  2000       2       1  cha_2                0.0000E+00     0.0000E+00     0.0000E+00     0.0000E+00     0.0000E+00     0.0000E+00     0.0000E+00     0.0000E+00     0.0000E+00     0.0000E+00     0.0000E+00     0.0000E+00     0.8475E+01     0.5994E+00     0.2385E-02     0.0000E+00     0.0000E+00     0.0000E+00     0.0000E+00     0.0000E+00     0.0000E+00     0.1668E-04     0.0000E+00     0.0000E+00     0.5994E+00     0.0000E+00
