           1 cha001             3434819.       679.4101      0.0000000E+00
   8.478220      0.0000000E+00  0.0000000E+00
           2 cha002             3102781.       639.2053      0.0000000E+00
   8.140360      0.0000000E+00  0.0000000E+00
           3 cha003             2731488.       592.1466      0.0000000E+00
   7.735760      0.0000000E+00  0.0000000E+00
           4 cha004             242168.8       138.3759      0.0000000E+00
   2.934880      0.0000000E+00  0.0000000E+00
           5 cha005             1016712.       327.2718      0.0000000E+00
   5.209820      0.0000000E+00  0.0000000E+00
           6 cha006             129550.0       95.07190      0.0000000E+00
   2.285170      0.0000000E+00  0.0000000E+00
           7 cha007             112387.5       87.30126      0.0000000E+00
   2.158890      0.0000000E+00  0.0000000E+00
           8 cha008             1689812.       443.9078      0.0000000E+00
   6.383790      0.0000000E+00  0.0000000E+00
           9 cha009             1289181.       377.3793      0.0000000E+00
   5.728870      0.0000000E+00  0.0000000E+00
          10 cha010             1131481.       348.9620      0.0000000E+00
   5.437540      0.0000000E+00  0.0000000E+00
          11 cha011             1018994.       327.7122      0.0000000E+00
   5.214490      0.0000000E+00  0.0000000E+00
          12 cha012             592356.2       236.6680      0.0000000E+00
   4.197360      0.0000000E+00  0.0000000E+00
          13 cha013             539350.0       223.7238      0.0000000E+00
   4.042890      0.0000000E+00  0.0000000E+00
          14 cha014             519606.3       218.7733      0.0000000E+00
   3.983030      0.0000000E+00  0.0000000E+00
          15 cha015             274093.8       149.0490      0.0000000E+00
   3.083920      0.0000000E+00  0.0000000E+00
          16 cha016             152268.8       104.7505      0.0000000E+00
   2.437740      0.0000000E+00  0.0000000E+00
          17 cha017             234893.8       135.8666      0.0000000E+00
   2.899290      0.0000000E+00  0.0000000E+00
          18 cha018             115775.0       88.87070      0.0000000E+00
   2.184690      0.0000000E+00  0.0000000E+00
          19 cha019             159100.0       107.5454      0.0000000E+00
   2.480910      0.0000000E+00  0.0000000E+00
          20 cha020             108350.0       85.40574      0.0000000E+00
   2.127530      0.0000000E+00  0.0000000E+00
          21 cha021             135725.0       97.76550      0.0000000E+00
   2.328130      0.0000000E+00  0.0000000E+00
          22 cha022             72537.50       67.13164      0.0000000E+00
   1.812040      0.0000000E+00  0.0000000E+00
          23 cha023             104925.0       83.77551      0.0000000E+00
   2.100370      0.0000000E+00  0.0000000E+00
          24 cha024             137200.0       98.40160      0.0000000E+00
   2.338220      0.0000000E+00  0.0000000E+00
          25 cha025             107131.2       84.82804      0.0000000E+00
   2.117920      0.0000000E+00  0.0000000E+00
          26 cha026             291400.0       154.6263      0.0000000E+00
   3.160380      0.0000000E+00  0.0000000E+00
          27 cha027             149906.2       103.7723      0.0000000E+00
   2.422540      0.0000000E+00  0.0000000E+00
          28 cha028             255687.5       142.9603      0.0000000E+00
   2.999350      0.0000000E+00  0.0000000E+00
          29 cha029             8751919.       1190.835      0.0000000E+00
   12.32494      0.0000000E+00  0.0000000E+00
          30 cha030             8561681.       1175.236      0.0000000E+00
   12.21707      0.0000000E+00  0.0000000E+00
          31 cha031             7502326.       1085.693      0.0000000E+00
   11.58835      0.0000000E+00  0.0000000E+00
          32 cha032             7335325.       1071.128      0.0000000E+00
   11.48447      0.0000000E+00  0.0000000E+00
          33 cha033             3498744.       686.9688      0.0000000E+00
   8.540990      0.0000000E+00  0.0000000E+00
          34 cha034             3296344.       662.8408      0.0000000E+00
   8.339810      0.0000000E+00  0.0000000E+00
          35 cha035             3142512.       644.1039      0.0000000E+00
   8.181900      0.0000000E+00  0.0000000E+00
          36 cha036             2982994.       624.2824      0.0000000E+00
   8.013170      0.0000000E+00  0.0000000E+00
          37 cha037             2720300.       590.6902      0.0000000E+00
   7.723070      0.0000000E+00  0.0000000E+00
          38 cha038             2489644.       560.1083      0.0000000E+00
   7.454150      0.0000000E+00  0.0000000E+00
          39 cha039             2356938.       541.9991      0.0000000E+00
   7.292600      0.0000000E+00  0.0000000E+00
          40 cha040             2048650.       498.2765      0.0000000E+00
   6.894940      0.0000000E+00  0.0000000E+00
          41 cha041             1940825.       482.3714      0.0000000E+00
   6.747420      0.0000000E+00  0.0000000E+00
          42 cha042             1535962.       419.1969      0.0000000E+00
   6.144630      0.0000000E+00  0.0000000E+00
          43 cha043             1111444.       345.2409      0.0000000E+00
   5.398810      0.0000000E+00  0.0000000E+00
          44 cha044             7942118.       1123.444      0.0000000E+00
   11.85545      0.0000000E+00  0.0000000E+00
          45 cha045             3830938.       725.3920      0.0000000E+00
   8.856570      0.0000000E+00  0.0000000E+00
          46 cha046             3239850.       656.0012      0.0000000E+00
   8.282340      0.0000000E+00  0.0000000E+00
          47 cha047             998637.4       323.7684      0.0000000E+00
   5.172570      0.0000000E+00  0.0000000E+00
          48 cha048             860218.8       296.0432      0.0000000E+00
   4.872890      0.0000000E+00  0.0000000E+00
          49 cha049             104275.0       83.46374      0.0000000E+00
   2.095150      0.0000000E+00  0.0000000E+00
          50 cha050             266006.2       146.3945      0.0000000E+00
   3.047190      0.0000000E+00  0.0000000E+00
          51 cha051             214131.2       128.5280      0.0000000E+00
   2.793930      0.0000000E+00  0.0000000E+00
          52 cha052             778768.8       278.8912      0.0000000E+00
   4.682810      0.0000000E+00  0.0000000E+00
          53 cha053             136568.8       98.12971      0.0000000E+00
   2.333910      0.0000000E+00  0.0000000E+00
          54 cha054             190218.8       119.7131      0.0000000E+00
   2.664680      0.0000000E+00  0.0000000E+00
          55 cha055             578200.0       233.2580      0.0000000E+00
   4.156950      0.0000000E+00  0.0000000E+00
          56 cha056             266112.5       146.4296      0.0000000E+00
   3.047680      0.0000000E+00  0.0000000E+00
          57 cha057             188081.2       118.9042      0.0000000E+00
   2.652660      0.0000000E+00  0.0000000E+00
          58 cha058             123518.7       92.39095      0.0000000E+00
   2.242000      0.0000000E+00  0.0000000E+00
          59 cha059             112400.0       87.30709      0.0000000E+00
   2.158990      0.0000000E+00  0.0000000E+00
          60 cha060             142506.2       100.6677      0.0000000E+00
   2.373980      0.0000000E+00  0.0000000E+00
          61 cha061             171825.0       112.6267      0.0000000E+00
   2.558460      0.0000000E+00  0.0000000E+00
          62 cha062             166850.0       110.6587      0.0000000E+00
   2.528560      0.0000000E+00  0.0000000E+00
          63 cha063             212787.5       128.0435      0.0000000E+00
   2.786900      0.0000000E+00  0.0000000E+00
          64 cha064             424481.2       193.7782      0.0000000E+00
   3.673560      0.0000000E+00  0.0000000E+00
          65 cha065             73725.00       67.78890      0.0000000E+00
   1.823850      0.0000000E+00  0.0000000E+00
          66 cha066             103037.5       82.86801      0.0000000E+00
   2.085170      0.0000000E+00  0.0000000E+00
          67 cha067             136093.8       97.92478      0.0000000E+00
   2.330660      0.0000000E+00  0.0000000E+00
          68 cha068             73250.00       67.52651      0.0000000E+00
   1.819140      0.0000000E+00  0.0000000E+00
          69 cha069             84831.25       73.74341      0.0000000E+00
   1.929150      0.0000000E+00  0.0000000E+00
          70 cha070             101756.2       82.24819      0.0000000E+00
   2.074760      0.0000000E+00  0.0000000E+00
          71 cha071             68781.25       65.02371      0.0000000E+00
   1.773910      0.0000000E+00  0.0000000E+00
          72 cha072             224800.0       132.3328      0.0000000E+00
   2.848800      0.0000000E+00  0.0000000E+00
          73 cha073             7501306.       1085.605      0.0000000E+00
   11.58772      0.0000000E+00  0.0000000E+00
          74 cha074             7323281.       1070.072      0.0000000E+00
   11.47693      0.0000000E+00  0.0000000E+00
          75 cha075             3610700.       700.0750      0.0000000E+00
   8.649280      0.0000000E+00  0.0000000E+00
          76 cha076             3690888.       709.3625      0.0000000E+00
   8.725610      0.0000000E+00  0.0000000E+00
          77 cha077             840412.5       291.9344      0.0000000E+00
   4.827700      0.0000000E+00  0.0000000E+00
          78 cha078             646606.2       249.4443      0.0000000E+00
   4.347100      0.0000000E+00  0.0000000E+00
          79 cha079             404112.5       188.1443      0.0000000E+00
   3.602000      0.0000000E+00  0.0000000E+00
          80 cha080             283300.0       152.0329      0.0000000E+00
   3.124940      0.0000000E+00  0.0000000E+00
          81 cha081             77287.50       69.73572      0.0000000E+00
   1.858600      0.0000000E+00  0.0000000E+00
          82 cha082             110612.5       86.47135      0.0000000E+00
   2.145190      0.0000000E+00  0.0000000E+00
          83 cha083             289018.8       153.8669      0.0000000E+00
   3.150020      0.0000000E+00  0.0000000E+00
          84 cha084             96650.00       79.74635      0.0000000E+00
   2.032470      0.0000000E+00  0.0000000E+00
          85 cha085             156625.0       106.5385      0.0000000E+00
   2.465400      0.0000000E+00  0.0000000E+00
          86 cha086             80356.25       71.38410      0.0000000E+00
   1.887780      0.0000000E+00  0.0000000E+00
          87 cha087             181256.2       116.2962      0.0000000E+00
   2.613730      0.0000000E+00  0.0000000E+00
          88 cha088             74681.25       68.31509      0.0000000E+00
   1.833280      0.0000000E+00  0.0000000E+00
          89 cha089             77168.75       69.67141      0.0000000E+00
   1.857460      0.0000000E+00  0.0000000E+00
          90 cha090             102450.0       82.58418      0.0000000E+00
   2.080410      0.0000000E+00  0.0000000E+00
          91 cha091             114831.2       88.43532      0.0000000E+00
   2.177550      0.0000000E+00  0.0000000E+00
          92 cha092             178825.0       115.3577      0.0000000E+00
   2.599650      0.0000000E+00  0.0000000E+00
          93 cha093             77318.75       69.75263      0.0000000E+00
   1.858910      0.0000000E+00  0.0000000E+00
          94 cha094             3151825.       645.2485      0.0000000E+00
   8.191590      0.0000000E+00  0.0000000E+00
          95 cha095             2875062.       610.6299      0.0000000E+00
   7.895910      0.0000000E+00  0.0000000E+00
          96 cha096             3454769.       681.7750      0.0000000E+00
   8.497890      0.0000000E+00  0.0000000E+00
          97 cha097             1985075.       488.9403      0.0000000E+00
   6.808540      0.0000000E+00  0.0000000E+00
          98 cha098             1836981.       466.7159      0.0000000E+00
   6.600630      0.0000000E+00  0.0000000E+00
          99 cha099             1765644.       455.7551      0.0000000E+00
   6.496880      0.0000000E+00  0.0000000E+00
         100 cha100             1340912.       386.3936      0.0000000E+00
   5.819740      0.0000000E+00  0.0000000E+00
         101 cha101             1109444.       344.8680      0.0000000E+00
   5.394930      0.0000000E+00  0.0000000E+00
         102 cha102             1540250.       419.8986      0.0000000E+00
   6.151480      0.0000000E+00  0.0000000E+00
         103 cha103             1396619.       395.9464      0.0000000E+00
   5.915270      0.0000000E+00  0.0000000E+00
         104 cha104             1174225.       356.8129      0.0000000E+00
   5.518790      0.0000000E+00  0.0000000E+00
         105 cha105             1014769.       326.8963      0.0000000E+00
   5.205830      0.0000000E+00  0.0000000E+00
         106 cha106             935018.7       311.2303      0.0000000E+00
   5.038150      0.0000000E+00  0.0000000E+00
         107 cha107             832912.5       290.3684      0.0000000E+00
   4.810420      0.0000000E+00  0.0000000E+00
         108 cha108             765643.8       276.0614      0.0000000E+00
   4.651080      0.0000000E+00  0.0000000E+00
         109 cha109             423887.5       193.6155      0.0000000E+00
   3.671500      0.0000000E+00  0.0000000E+00
         110 cha110             302025.0       157.9848      0.0000000E+00
   3.205980      0.0000000E+00  0.0000000E+00
         111 cha111             796150.0       282.6094      0.0000000E+00
   4.724340      0.0000000E+00  0.0000000E+00
         112 cha112             227475.0       133.2754      0.0000000E+00
   2.862310      0.0000000E+00  0.0000000E+00
         113 cha113             171518.8       112.5062      0.0000000E+00
   2.556630      0.0000000E+00  0.0000000E+00
         114 cha114             303381.2       158.4101      0.0000000E+00
   3.211730      0.0000000E+00  0.0000000E+00
         115 cha115             187300.0       118.6076      0.0000000E+00
   2.648250      0.0000000E+00  0.0000000E+00
         116 cha116             275218.8       149.4158      0.0000000E+00
   3.088980      0.0000000E+00  0.0000000E+00
         117 cha117             182018.8       116.5895      0.0000000E+00
   2.618120      0.0000000E+00  0.0000000E+00
         118 cha118             139156.2       99.24105      0.0000000E+00
   2.351500      0.0000000E+00  0.0000000E+00
         119 cha119             77950.00       70.09377      0.0000000E+00
   1.864960      0.0000000E+00  0.0000000E+00
         120 cha120             77000.00       69.57996      0.0000000E+00
   1.855840      0.0000000E+00  0.0000000E+00
         121 cha121             68925.00       65.10521      0.0000000E+00
   1.775390      0.0000000E+00  0.0000000E+00
         122 cha122             341093.8       169.9472      0.0000000E+00
   3.365840      0.0000000E+00  0.0000000E+00
         123 cha123             111318.7       86.80219      0.0000000E+00
   2.150650      0.0000000E+00  0.0000000E+00
         124 cha124             234250.0       135.6430      0.0000000E+00
   2.896110      0.0000000E+00  0.0000000E+00
         125 cha125             94218.75       78.53660      0.0000000E+00
   2.011860      0.0000000E+00  0.0000000E+00
         126 cha126             153843.8       105.3993      0.0000000E+00
   2.447800      0.0000000E+00  0.0000000E+00
         127 cha127             194925.0       121.4815      0.0000000E+00
   2.690860      0.0000000E+00  0.0000000E+00
         128 cha128             124931.2       93.02343      0.0000000E+00
   2.252230      0.0000000E+00  0.0000000E+00
         129 cha129             109481.3       85.93965      0.0000000E+00
   2.136380      0.0000000E+00  0.0000000E+00
         130 cha130             70943.75       66.24273      0.0000000E+00
   1.796010      0.0000000E+00  0.0000000E+00
         131 cha131             66593.75       63.77490      0.0000000E+00
   1.751120      0.0000000E+00  0.0000000E+00
         132 cha132             66081.25       63.47996      0.0000000E+00
   1.745720      0.0000000E+00  0.0000000E+00
         133 cha133             74031.25       67.95771      0.0000000E+00
   1.826880      0.0000000E+00  0.0000000E+00
         134 cha134             72750.00       67.24957      0.0000000E+00
   1.814160      0.0000000E+00  0.0000000E+00
         135 cha135             91375.00       77.10564      0.0000000E+00
   1.987350      0.0000000E+00  0.0000000E+00
         136 cha136             2663112.       583.2079      0.0000000E+00
   7.657710      0.0000000E+00  0.0000000E+00
         137 cha137             2472694.       557.8172      0.0000000E+00
   7.433810      0.0000000E+00  0.0000000E+00
         138 cha138             2061462.       500.1439      0.0000000E+00
   6.912160      0.0000000E+00  0.0000000E+00
         139 cha139             1028581.       329.5588      0.0000000E+00
   5.234060      0.0000000E+00  0.0000000E+00
         140 cha140             1018900.       327.6941      0.0000000E+00
   5.214300      0.0000000E+00  0.0000000E+00
         141 cha141             825006.2       288.7115      0.0000000E+00
   4.792100      0.0000000E+00  0.0000000E+00
         142 cha142             564918.8       230.0283      0.0000000E+00
   4.118490      0.0000000E+00  0.0000000E+00
         143 cha143             407362.5       189.0507      0.0000000E+00
   3.613560      0.0000000E+00  0.0000000E+00
         144 cha144             213275.0       128.2194      0.0000000E+00
   2.789450      0.0000000E+00  0.0000000E+00
         145 cha145             208031.2       126.3185      0.0000000E+00
   2.761820      0.0000000E+00  0.0000000E+00
         146 cha146             106931.2       84.73298      0.0000000E+00
   2.116340      0.0000000E+00  0.0000000E+00
         147 cha147             355825.0       174.3137      0.0000000E+00
   3.423240      0.0000000E+00  0.0000000E+00
         148 cha148             97525.00       80.17875      0.0000000E+00
   2.039810      0.0000000E+00  0.0000000E+00
         149 cha149             313525.0       161.5671      0.0000000E+00
   3.254260      0.0000000E+00  0.0000000E+00
         150 cha150             149137.5       103.4527      0.0000000E+00
   2.417560      0.0000000E+00  0.0000000E+00
         151 cha151             121250.0       91.36897      0.0000000E+00
   2.225440      0.0000000E+00  0.0000000E+00
         152 cha152             106931.2       84.73298      0.0000000E+00
   2.116340      0.0000000E+00  0.0000000E+00
         153 cha153             94450.00       78.65220      0.0000000E+00
   2.013840      0.0000000E+00  0.0000000E+00
         154 cha154             120387.5       90.97845      0.0000000E+00
   2.219100      0.0000000E+00  0.0000000E+00
         155 cha155             145343.8       101.8656      0.0000000E+00
   2.392780      0.0000000E+00  0.0000000E+00
         156 cha156             865862.4       297.2070      0.0000000E+00
   4.885660      0.0000000E+00  0.0000000E+00
         157 cha157             503350.0       214.6405      0.0000000E+00
   3.932710      0.0000000E+00  0.0000000E+00
         158 cha158             261606.2       144.9368      0.0000000E+00
   3.026930      0.0000000E+00  0.0000000E+00
         159 cha159             250206.3       141.1135      0.0000000E+00
   2.973460      0.0000000E+00  0.0000000E+00
         160 cha160             105606.2       84.10145      0.0000000E+00
   2.105810      0.0000000E+00  0.0000000E+00
         161 cha161             98025.00       80.42514      0.0000000E+00
   2.043990      0.0000000E+00  0.0000000E+00
         162 cha162             74700.00       68.32538      0.0000000E+00
   1.833460      0.0000000E+00  0.0000000E+00
         163 cha163             95175.00       79.01389      0.0000000E+00
   2.020010      0.0000000E+00  0.0000000E+00
