           1          82  0.0000000E+00  0.0000000E+00  0.0000000E+00
  0.0000000E+00
           2          41  0.0000000E+00  0.0000000E+00  0.0000000E+00
  0.0000000E+00
           3          33  0.0000000E+00  0.0000000E+00  0.0000000E+00
  0.0000000E+00
           4           7  0.0000000E+00  0.0000000E+00  0.0000000E+00
  0.0000000E+00
           5           0  0.0000000E+00  0.0000000E+00  0.0000000E+00
  0.0000000E+00
           6           0  0.0000000E+00  0.0000000E+00  0.0000000E+00
  0.0000000E+00
           7           0  0.0000000E+00  0.0000000E+00  0.0000000E+00
  0.0000000E+00
           8           0  0.0000000E+00  0.0000000E+00  0.0000000E+00
  0.0000000E+00
           9           0  0.0000000E+00  0.0000000E+00  0.0000000E+00
  0.0000000E+00
          10           0  0.0000000E+00  0.0000000E+00  0.0000000E+00
  0.0000000E+00
          11           0  0.0000000E+00  0.0000000E+00  0.0000000E+00
  0.0000000E+00
          12           0  0.0000000E+00  0.0000000E+00  0.0000000E+00
  0.0000000E+00
