 demo                      SWAT+ 2025-08-28        MODULAR Rev 2025.61.0.2.11-258-g66030fe                
         hru        year         mon         day crop/fert/pest operation  phubase        phuplant  soil_water      plant_bioms   surf_rsd       soil_no3      soil_solp         op_var           var1          var2             var3             var4            var5            var6           var7 
         ---         ---         ---         ---       ---         ---       deg_c           deg_c          mm            kg/ha      kg/ha          kg/ha          kg/ha          ---              ---           ---              ---              ---             ---             ---            ---
           1        1975           4           1 chisplow            TILLAGE   7.1317151E-02  0.0000000E+00   48.39597      0.0000000E+00   1598.362       515.4987       125.6659      0.3000000    
           2        1975           4           1 chisplow            TILLAGE   7.1317151E-02  0.0000000E+00   48.51182      0.0000000E+00   1625.704       506.5475       99.73631      0.3000000    
           3        1975           4           1 chisplow            TILLAGE   7.1317151E-02  0.0000000E+00   48.35027      0.0000000E+00   1595.624       518.3571       113.5086      0.3000000    
           4        1975           4           1 chisplow            TILLAGE   7.1317151E-02  0.0000000E+00   48.39743      0.0000000E+00   1597.846       520.4572       139.0006      0.3000000    
           5        1975           4           1 chisplow            TILLAGE   7.1317151E-02  0.0000000E+00   48.35292      0.0000000E+00   1595.593       530.7335       157.0747      0.3000000    
           6        1975           4           1 chisplow            TILLAGE   7.1317151E-02  0.0000000E+00   48.35982      0.0000000E+00   1595.764       529.0280       154.7103      0.3000000    
           7        1975           4           1 chisplow            TILLAGE   7.1317151E-02  0.0000000E+00   48.40057      0.0000000E+00   1599.516       505.6969       100.9017      0.3000000    
           8        1975           4           1 chisplow            TILLAGE   7.1317151E-02  0.0000000E+00   48.43770      0.0000000E+00   1607.324       499.4821       87.78402      0.3000000    
           9        1975           4           1 chisplow            TILLAGE   7.1317151E-02  0.0000000E+00   48.38660      0.0000000E+00   1597.687       533.0446       161.9989      0.3000000    
          10        1975           4           1 chisplow            TILLAGE   7.1317151E-02  0.0000000E+00   48.39589      0.0000000E+00   1596.525       526.7498       147.4180      0.3000000    
          11        1975           4           1 chisplow            TILLAGE   7.1317151E-02  0.0000000E+00   48.56350      0.0000000E+00   1629.099       540.3425       182.4901      0.3000000    
          12        1975           4           1 chisplow            TILLAGE   7.1317151E-02  0.0000000E+00   48.43365      0.0000000E+00   1599.977       534.2922       159.5347      0.3000000    
           1        1975           4           3 fldcult             TILLAGE   7.6173127E-02  0.0000000E+00   55.71129      0.0000000E+00   1349.662       507.6044       131.5764      0.3000000    
           2        1975           4           3 fldcult             TILLAGE   7.6173127E-02  0.0000000E+00   55.83240      0.0000000E+00   1372.777       499.7071       109.4704      0.3000000    
           3        1975           4           3 fldcult             TILLAGE   7.6173127E-02  0.0000000E+00   55.66498      0.0000000E+00   1347.350       510.4387       126.8198      0.3000000    
           4        1975           4           3 fldcult             TILLAGE   7.6173127E-02  0.0000000E+00   55.71264      0.0000000E+00   1349.228       512.5661       152.4124      0.3000000    
           5        1975           4           3 fldcult             TILLAGE   7.6173127E-02  0.0000000E+00   55.66759      0.0000000E+00   1347.325       522.6364       170.0369      0.3000000    
           6        1975           4           3 fldcult             TILLAGE   7.6173127E-02  0.0000000E+00   55.67456      0.0000000E+00   1347.470       520.9451       169.6241      0.3000000    
           7        1975           4           3 fldcult             TILLAGE   7.6173127E-02  0.0000000E+00   55.71614      0.0000000E+00   1350.636       497.8951       106.1942      0.3000000    
           8        1975           4           3 fldcult             TILLAGE   7.6173127E-02  0.0000000E+00   55.75482      0.0000000E+00   1357.250       492.1738       96.94466      0.3000000    
           9        1975           4           3 fldcult             TILLAGE   7.6173127E-02  0.0000000E+00   55.70162      0.0000000E+00   1349.094       524.9476       172.9262      0.3000000    
          10        1975           4           3 fldcult             TILLAGE   7.6173127E-02  0.0000000E+00   55.71082      0.0000000E+00   1348.118       518.7380       158.2320      0.3000000    
          11        1975           4           3 fldcult             TILLAGE   7.6173127E-02  0.0000000E+00   55.88385      0.0000000E+00   1375.647       533.0032       192.5141      0.3000000    
          12        1975           4           3 fldcult             TILLAGE   7.6173127E-02  0.0000000E+00   55.74903      0.0000000E+00   1351.034       526.2872       169.5924      0.3000000    
           1        1975           4          28 corn                                        PLANT   0.1347239      0.0000000E+00   52.02855      0.0000000E+00   961.8510       531.9494       151.3201      0.0000000E+00   6.000000    
           2        1975           4          28 corn                                        PLANT   0.1347239      0.0000000E+00   52.10910      0.0000000E+00   978.3707       512.0972       154.1420      0.0000000E+00   6.000000    
           3        1975           4          28 corn                                        PLANT   0.1347239      0.0000000E+00   52.00726      0.0000000E+00   960.2055       545.1801       186.2121      0.0000000E+00   6.000000    
           4        1975           4          28 corn                                        PLANT   0.1347239      0.0000000E+00   52.02706      0.0000000E+00   961.5438       539.6558       208.2147      0.0000000E+00   6.000000    
           5        1975           4          28 corn                                        PLANT   0.1347239      0.0000000E+00   52.00776      0.0000000E+00   960.1878       560.2552       220.8867      0.0000000E+00   6.000000    
           6        1975           4          28 corn                                        PLANT   0.1347239      0.0000000E+00   52.00983      0.0000000E+00   960.2934       555.3214       230.9563      0.0000000E+00   6.000000    
           7        1975           4          28 corn                                        PLANT   0.1347239      0.0000000E+00   52.03286      0.0000000E+00   962.5443       515.3381       126.6874      0.0000000E+00   6.000000    
           8        1975           4          28 corn                                        PLANT   0.1347239      0.0000000E+00   52.05497      0.0000000E+00   967.2888       488.4199       139.9150      0.0000000E+00   6.000000    
           9        1975           4          28 corn                                        PLANT   0.1347239      0.0000000E+00   52.02119      0.0000000E+00   961.4512       565.6195       212.9303      0.0000000E+00   6.000000    
          10        1975           4          28 corn                                        PLANT   0.1347239      0.0000000E+00   52.02049      0.0000000E+00   960.7622       549.9069       199.9809      0.0000000E+00   6.000000    
          11        1975           4          28 corn                                        PLANT   0.1347239      0.0000000E+00   52.12772      0.0000000E+00   980.4223       585.4037       225.6970      0.0000000E+00   6.000000    
          12        1975           4          28 corn                                        PLANT   0.1347239      0.0000000E+00   52.03693      0.0000000E+00   962.8433       569.6156       205.7641      0.0000000E+00   6.000000    
