 demo                      SWAT+ 2025-07-16        MODULAR Rev 2025.61.0.2.11-219-g8a465b1                
       year      plant_no   plant_name       harv_area(ha)     yld(t)          yld(t/ha)      
        1975           1 corn                                       12.06000       194.9359       16.16383    
        1975           2 soyb                                      0.0000000E+00  0.0000000E+00  0.0000000E+00
        1976           1 corn                                       12.06000       119.4386       9.903700    
        1976           2 soyb                                      0.0000000E+00  0.0000000E+00  0.0000000E+00
        1977           1 corn                                       12.06000       102.0438       8.461342    
        1977           2 soyb                                      0.0000000E+00  0.0000000E+00  0.0000000E+00
        1978           1 corn                                       12.06000       137.2037       11.37676    
        1978           2 soyb                                      0.0000000E+00  0.0000000E+00  0.0000000E+00
        1979           1 corn                                       12.06000       164.4995       13.64009    
        1979           2 soyb                                      0.0000000E+00  0.0000000E+00  0.0000000E+00
        1980           1 corn                                       12.06000       108.1582       8.968343    
        1980           2 soyb                                      0.0000000E+00  0.0000000E+00  0.0000000E+00
        1981           1 corn                                       12.06000       114.5295       9.496645    
        1981           2 soyb                                      0.0000000E+00  0.0000000E+00  0.0000000E+00
        1982           1 corn                                       12.06000       126.3195       10.47425    
        1982           2 soyb                                      0.0000000E+00  0.0000000E+00  0.0000000E+00
        1983           1 corn                                       12.06000       156.8551       13.00622    
        1983           2 soyb                                      0.0000000E+00  0.0000000E+00  0.0000000E+00
        1984           1 corn                                       12.06000       105.6901       8.763687    
        1984           2 soyb                                      0.0000000E+00  0.0000000E+00  0.0000000E+00
        1985           1 corn                                       12.06000       99.87672       8.281651    
        1985           2 soyb                                      0.0000000E+00  0.0000000E+00  0.0000000E+00
        1986           1 corn                                       12.06000       142.0320       11.77712    
        1986           2 soyb                                      0.0000000E+00  0.0000000E+00  0.0000000E+00
        1987           1 corn                                       12.06000       170.8914       14.17010    
        1987           2 soyb                                      0.0000000E+00  0.0000000E+00  0.0000000E+00
        1988           1 corn                                       12.06000       62.27587       5.163836    
        1988           2 soyb                                      0.0000000E+00  0.0000000E+00  0.0000000E+00
        1989           1 corn                                       12.06000       74.16742       6.149868    
        1989           2 soyb                                      0.0000000E+00  0.0000000E+00  0.0000000E+00
        1990           1 corn                                       12.06000       205.0208       17.00007    
        1990           2 soyb                                      0.0000000E+00  0.0000000E+00  0.0000000E+00
        1991           1 corn                                       12.06000       101.1837       8.390022    
        1991           2 soyb                                      0.0000000E+00  0.0000000E+00  0.0000000E+00
        1992           1 corn                                       12.06000       174.7340       14.48872    
        1992           2 soyb                                      0.0000000E+00  0.0000000E+00  0.0000000E+00
        1993           1 corn                                       12.06000       221.5367       18.36954    
        1993           2 soyb                                      0.0000000E+00  0.0000000E+00  0.0000000E+00
        1994           1 corn                                       12.06000       209.3029       17.35513    
        1994           2 soyb                                      0.0000000E+00  0.0000000E+00  0.0000000E+00
        1995           1 corn                                      0.0000000E+00  0.0000000E+00  0.0000000E+00
        1995           2 soyb                                      0.0000000E+00  0.0000000E+00  0.0000000E+00
        1996           1 corn                                       12.06000       133.8555       11.09913    
        1996           2 soyb                                      0.0000000E+00  0.0000000E+00  0.0000000E+00
        1997           1 corn                                       12.06000       117.6650       9.756633    
        1997           2 soyb                                      0.0000000E+00  0.0000000E+00  0.0000000E+00
        1998           1 corn                                       12.06000       204.5484       16.96090    
        1998           2 soyb                                      0.0000000E+00  0.0000000E+00  0.0000000E+00
        1999           1 corn                                       12.06000       201.7089       16.72545    
        1999           2 soyb                                      0.0000000E+00  0.0000000E+00  0.0000000E+00
        2000           1 corn                                       12.06000       75.36961       6.249553    
        2000           2 soyb                                      0.0000000E+00  0.0000000E+00  0.0000000E+00
        2001           1 corn                                       12.06000       63.25283       5.244845    
        2001           2 soyb                                      0.0000000E+00  0.0000000E+00  0.0000000E+00
        2002           1 corn                                      0.0000000E+00  0.0000000E+00  0.0000000E+00
        2002           2 soyb                                      0.0000000E+00  0.0000000E+00  0.0000000E+00
        2003           1 corn                                       12.06000       82.21174       6.816893    
        2003           2 soyb                                      0.0000000E+00  0.0000000E+00  0.0000000E+00
        2004           1 corn                                       12.06000       143.5747       11.90503    
        2004           2 soyb                                      0.0000000E+00  0.0000000E+00  0.0000000E+00
        2005           1 corn                                       12.06000       127.0184       10.53221    
        2005           2 soyb                                      0.0000000E+00  0.0000000E+00  0.0000000E+00
        2006           1 corn                                       12.06000       132.9090       11.02065    
        2006           2 soyb                                      0.0000000E+00  0.0000000E+00  0.0000000E+00
        2007           1 corn                                       12.06000       138.7430       11.50439    
        2007           2 soyb                                      0.0000000E+00  0.0000000E+00  0.0000000E+00
        2008           1 corn                                       12.06000       207.9218       17.24061    
        2008           2 soyb                                      0.0000000E+00  0.0000000E+00  0.0000000E+00
        2009           1 corn                                       12.06000       119.6669       9.922630    
        2009           2 soyb                                      0.0000000E+00  0.0000000E+00  0.0000000E+00
        2010           1 corn                                       12.06000       213.1769       17.67636    
        2010           2 soyb                                      0.0000000E+00  0.0000000E+00  0.0000000E+00
        2011           1 corn                                       12.06000       133.8667       11.10006    
        2011           2 soyb                                      0.0000000E+00  0.0000000E+00  0.0000000E+00
        2012           1 corn                                       12.06000       51.96981       4.309271    
        2012           2 soyb                                      0.0000000E+00  0.0000000E+00  0.0000000E+00
        2013           1 corn                                       12.06000       71.60889       5.937718    
        2013           2 soyb                                      0.0000000E+00  0.0000000E+00  0.0000000E+00
        2014           1 corn                                       12.06000       181.8020       15.07479    
        2014           2 soyb                                      0.0000000E+00  0.0000000E+00  0.0000000E+00
        2015           1 corn                                       12.06000       201.0868       16.67386    
        2015           2 soyb                                      0.0000000E+00  0.0000000E+00  0.0000000E+00
        2016           1 corn                                       12.06000       187.6996       15.56381    
        2016           2 soyb                                      0.0000000E+00  0.0000000E+00  0.0000000E+00
        2017           1 corn                                       12.06000       81.98604       6.798178    
        2017           2 soyb                                      0.0000000E+00  0.0000000E+00  0.0000000E+00
        2018           1 corn                                       12.06000       204.4369       16.95165    
        2018           2 soyb                                      0.0000000E+00  0.0000000E+00  0.0000000E+00
        2019           1 corn                                       12.06000       154.9117       12.84508    
        2019           2 soyb                                      0.0000000E+00  0.0000000E+00  0.0000000E+00
        2020           1 corn                                       12.06000       80.44032       6.670010    
        2020           2 soyb                                      0.0000000E+00  0.0000000E+00  0.0000000E+00
