 demo                      SWAT+ 2025-07-16        MODULAR Rev 2025.61.0.2.11-219-g8a465b1                
        jday        mon        day         yr            unit              gis_id     name                plant_c    rsd_decay_c    harv_stov_c         emit_c
                                                                                                          kg C/ha        kg C/ha        kg C/ha        kg C/ha
         366          12          31        2020           1                     1 hru0001            4047.289      0.0000000E+00   784.6949       38.23272      0.0000000E+00  0.0000000E+00
         366          12          31        2020           2                     1 hru0002            4083.862      0.0000000E+00   796.6191       39.10417      0.0000000E+00  0.0000000E+00
         366          12          31        2020           3                     1 hru0003            4049.874      0.0000000E+00   784.7328       38.26217      0.0000000E+00  0.0000000E+00
         366          12          31        2020           4                     1 hru0004            4051.486      0.0000000E+00   785.7067       38.28580      0.0000000E+00  0.0000000E+00
         366          12          31        2020           5                     1 hru0005            4051.680      0.0000000E+00   785.0379       38.28223      0.0000000E+00  0.0000000E+00
         366          12          31        2020           6                     1 hru0006            4054.097      0.0000000E+00   785.6406       38.31780      0.0000000E+00  0.0000000E+00
         366          12          31        2020           7                     1 hru0007            4045.308      0.0000000E+00   784.2827       38.21261      0.0000000E+00  0.0000000E+00
         366          12          31        2020           8                     1 hru0008            4075.471      0.0000000E+00   793.2249       38.74964      0.0000000E+00  0.0000000E+00
         366          12          31        2020           9                     1 hru0009            4057.365      0.0000000E+00   786.0219       38.35112      0.0000000E+00  0.0000000E+00
         366          12          31        2020          10                     1 hru0010            4066.245      0.0000000E+00   789.0216       38.53603      0.0000000E+00  0.0000000E+00
         366          12          31        2020          11                     1 hru0011            4089.409      0.0000000E+00   796.5674       39.08810      0.0000000E+00  0.0000000E+00
         366          12          31        2020          12                     1 hru0012            4075.499      0.0000000E+00   790.2413       38.66045      0.0000000E+00  0.0000000E+00
