 demo                      SWAT+ 2025-07-16        MODULAR Rev 2025.61.0.2.11-219-g8a465b1                
        jday        mon        day         yr            unit              gis_id     name                  sed_c         surq_c       surq_doc       surq_dic         latq_c       latq_doc       latq_dic         perc_c       perc_doc       perc_dic      res_decay      man_app_c    man_graze_c          rsp_c         emit_c
                                                                                                          kg C/ha        kg C/ha        kg C/ha        kg C/ha        kg C/ha        kg C/ha        kg C/ha        kg C/ha        kg C/ha        kg C/ha        kg C/ha        kg C/ha        kg C/ha        kg C/ha        kg C/ha
         366          12          31        2020           1                     1 hru0001            1.082918       4.136079      0.0000000E+00  0.0000000E+00  0.1311812      0.0000000E+00  0.0000000E+00  0.0000000E+00  0.0000000E+00  0.0000000E+00  0.0000000E+00  0.0000000E+00  0.0000000E+00   6199.067      0.0000000E+00
         366          12          31        2020           2                     1 hru0002            1.060487       3.311620      0.0000000E+00  0.0000000E+00   1.105056      0.0000000E+00  0.0000000E+00  0.0000000E+00  0.0000000E+00  0.0000000E+00  0.0000000E+00  0.0000000E+00  0.0000000E+00   6361.754      0.0000000E+00
         366          12          31        2020           3                     1 hru0003            1.444934       2.987135      0.0000000E+00  0.0000000E+00  0.1537971      0.0000000E+00  0.0000000E+00  0.0000000E+00  0.0000000E+00  0.0000000E+00  0.0000000E+00  0.0000000E+00  0.0000000E+00   6639.334      0.0000000E+00
         366          12          31        2020           4                     1 hru0004            1.557955       2.969300      0.0000000E+00  0.0000000E+00  0.1497397      0.0000000E+00  0.0000000E+00  0.0000000E+00  0.0000000E+00  0.0000000E+00  0.0000000E+00  0.0000000E+00  0.0000000E+00   6648.380      0.0000000E+00
         366          12          31        2020           5                     1 hru0005            1.468972       2.869079      0.0000000E+00  0.0000000E+00  0.1591672      0.0000000E+00  0.0000000E+00  0.0000000E+00  0.0000000E+00  0.0000000E+00  0.0000000E+00  0.0000000E+00  0.0000000E+00   6704.117      0.0000000E+00
         366          12          31        2020           6                     1 hru0006            2.390969       2.754258      0.0000000E+00  0.0000000E+00  0.1652301      0.0000000E+00  0.0000000E+00  0.0000000E+00  0.0000000E+00  0.0000000E+00  0.0000000E+00  0.0000000E+00  0.0000000E+00   6771.257      0.0000000E+00
         366          12          31        2020           7                     1 hru0007            1.744045       4.273215      0.0000000E+00  0.0000000E+00  0.1236640      0.0000000E+00  0.0000000E+00  0.0000000E+00  0.0000000E+00  0.0000000E+00  0.0000000E+00  0.0000000E+00  0.0000000E+00   6165.214      0.0000000E+00
         366          12          31        2020           8                     1 hru0008            2.187144       3.659894      0.0000000E+00  0.0000000E+00  0.2080036      0.0000000E+00  0.0000000E+00  0.0000000E+00  0.0000000E+00  0.0000000E+00  0.0000000E+00  0.0000000E+00  0.0000000E+00   6269.199      0.0000000E+00
         366          12          31        2020           9                     1 hru0009            2.050421       2.903975      0.0000000E+00  0.0000000E+00  0.1863314      0.0000000E+00  0.0000000E+00  0.0000000E+00  0.0000000E+00  0.0000000E+00  0.0000000E+00  0.0000000E+00  0.0000000E+00   6663.521      0.0000000E+00
         366          12          31        2020          10                     1 hru0010            1.990841       2.901986      0.0000000E+00  0.0000000E+00  0.1680631      0.0000000E+00  0.0000000E+00  0.0000000E+00  0.0000000E+00  0.0000000E+00  0.0000000E+00  0.0000000E+00  0.0000000E+00   6613.150      0.0000000E+00
         366          12          31        2020          11                     1 hru0011            1.534159       2.501391      0.0000000E+00  0.0000000E+00  0.4280241      0.0000000E+00  0.0000000E+00  0.0000000E+00  0.0000000E+00  0.0000000E+00  0.0000000E+00  0.0000000E+00  0.0000000E+00   6783.664      0.0000000E+00
         366          12          31        2020          12                     1 hru0012            1.743101       2.797369      0.0000000E+00  0.0000000E+00  0.2176619      0.0000000E+00  0.0000000E+00  0.0000000E+00  0.0000000E+00  0.0000000E+00  0.0000000E+00  0.0000000E+00  0.0000000E+00   6649.238      0.0000000E+00
