 demo                      SWAT+ 2025-07-16        MODULAR Rev 2025.61.0.2.11-219-g8a465b1                
        jday        mon        day         yr            unit              gis_id     name                  npp_c         harv_c         drop_c      grazeat_c         emit_c
                                                                                                          kg C/ha        kg C/ha        kg C/ha        kg C/ha        kg C/ha
         366          12          31        2020           1                     1 hru0001            10943.65       4910.699      0.0000000E+00   4047.289      0.0000000E+00  0.0000000E+00
         366          12          31        2020           2                     1 hru0002            11124.54       5020.636      0.0000000E+00   4083.862      0.0000000E+00  0.0000000E+00
         366          12          31        2020           3                     1 hru0003            10952.25       4914.924      0.0000000E+00   4049.874      0.0000000E+00  0.0000000E+00
         366          12          31        2020           4                     1 hru0004            10959.32       4918.927      0.0000000E+00   4051.486      0.0000000E+00  0.0000000E+00
         366          12          31        2020           5                     1 hru0005            10958.60       4918.177      0.0000000E+00   4051.680      0.0000000E+00  0.0000000E+00
         366          12          31        2020           6                     1 hru0006            10968.70       4923.772      0.0000000E+00   4054.097      0.0000000E+00  0.0000000E+00
         366          12          31        2020           7                     1 hru0007            10938.04       4908.248      0.0000000E+00   4045.308      0.0000000E+00  0.0000000E+00
         366          12          31        2020           8                     1 hru0008            11064.40       4979.274      0.0000000E+00   4075.471      0.0000000E+00  0.0000000E+00
         366          12          31        2020           9                     1 hru0009            10979.13       4928.866      0.0000000E+00   4057.365      0.0000000E+00  0.0000000E+00
         366          12          31        2020          10                     1 hru0010            11017.64       4950.725      0.0000000E+00   4066.245      0.0000000E+00  0.0000000E+00
         366          12          31        2020          11                     1 hru0011            11127.83       5017.338      0.0000000E+00   4089.409      0.0000000E+00  0.0000000E+00
         366          12          31        2020          12                     1 hru0012            11045.50       4963.726      0.0000000E+00   4075.499      0.0000000E+00  0.0000000E+00
