 ceap_07010101             SWAT+ @TODAY@        MODULAR Rev @YEAR@.@SWAT_VERSION@   April 17_NAM          
   jday   mon   day    yr   unit  gis_id  name                     lai       bioms       yield     residue     sol_tmp       strsw       strsa     strstmp       strsn       strsp       strss        nplt       percn       pplnt         tmx         tmn       tmpav     solarad      wndspd        rhum     phubas0     lai_max      bm_max     bm_grow       c_gro   plant_cov       mgt_ops                    
                                                             m**2/m**2        kgha        kgha        kgha        degc        ----        ----        ----        ----        ----        ----        kgha        kgha        kgha        degc        degc        degc      mj/m^2         m/s        frac        degc   m**2/m**2       kg/ha       kg/ha       kg/ha
    31     1    31  2000       1       1  ceap_07010101          0.000       0.000       0.000       0.022      -0.000       0.000       0.000       0.000       0.000       0.000       0.000       0.000       0.000       0.000      -0.000      -0.000      -0.000       0.000       0.000       0.000       0.000       0.000       0.000       0.000       0.000
    60     2    29  2000       1       1  ceap_07010101          0.000       0.000       0.000       0.022      -0.000       0.000       0.000       0.000       0.000       0.000       0.000       0.000       0.000       0.000      -0.000      -0.000      -0.000       0.000       0.000       0.000       0.000       0.000       0.000       0.000       0.000
    91     3    31  2000       1       1  ceap_07010101          0.000       0.000       0.000       0.020      -0.000       0.000       0.000       0.000       0.000       0.000       0.000       0.000       0.000       0.000       0.000      -0.000       0.000       0.000       0.000       0.000       0.000       0.000       0.000       0.000       0.000
   121     4    30  2000       1       1  ceap_07010101          0.000       0.000       0.000       0.016       0.000       0.000       0.000       0.000       0.000       0.000       0.000       0.000       0.000       0.000       0.000      -0.000       0.000       0.000       0.000       0.000       0.000       0.000       0.000       0.000       0.000
   152     5    31  2000       1       1  ceap_07010101          0.000       0.000       0.000       0.009       0.000       0.000       0.000       0.000       0.000       0.000       0.000       0.000       0.000       0.000       0.000       0.000       0.000       0.000       0.000       0.000       0.000       0.000       0.000       0.000       0.000
   182     6    30  2000       1       1  ceap_07010101          0.000       0.002       0.000       0.003       0.000       0.000       0.000       0.000       0.000       0.000       0.000       0.000       0.000       0.000       0.000       0.000       0.000       0.000       0.000       0.000       0.000       0.000       0.000       0.000       0.000
   213     7    31  2000       1       1  ceap_07010101          0.000       0.028       0.000       0.001       0.000       0.000       0.000       0.000       0.000       0.000       0.000       0.001       0.000       0.000       0.000       0.000       0.000       0.000       0.000       0.000       0.000       0.000       0.000       0.002       0.001
   244     8    31  2000       1       1  ceap_07010101          0.000       0.080       0.000       0.001       0.000       0.000       0.000       0.000       0.000       0.000       0.000       0.002       0.000       0.000       0.000       0.000       0.000       0.000       0.000       0.000       0.000       0.000       0.000       0.002       0.001
   274     9    30  2000       1       1  ceap_07010101          0.000       0.116       0.000       0.000       0.000       0.000       0.000       0.000       0.000       0.000       0.000       0.003       0.000       0.000       0.000       0.000       0.000       0.000       0.000       0.000       0.000       0.000       0.000       0.001       0.000
   305    10    31  2000       1       1  ceap_07010101          0.000       0.016       0.018       0.046       0.000       0.000       0.000       0.000       0.000       0.000       0.000       0.000       0.000       0.000       0.000       0.000       0.000       0.000       0.000       0.000       0.000       0.000       0.000       0.000       0.000
   335    11    30  2000       1       1  ceap_07010101          0.000       0.000       0.000       0.030      -0.000       0.000       0.000       0.000       0.000       0.000       0.000       0.000       0.000       0.000       0.000      -0.000      -0.000       0.000       0.000       0.000       0.000       0.000       0.000       0.000       0.000
   366    12    31  2000       1       1  ceap_07010101          0.000       0.000       0.000       0.028      -0.000       0.000       0.000       0.000       0.000       0.000       0.000       0.000       0.000       0.000      -0.000      -0.000      -0.000       0.000       0.000       0.000       0.000       0.000       0.000       0.000       0.000
