   366    12    31  2000         1     1  ceap_07010101         0.4905E+05     0.5275E+05     0.1731E+02     0.4034E+03     0.5887E+00     0.4121E+04     0.1761E+12    -0.1524E+12     0.1915E+12    -0.1674E+12     0.1402E+04     0.0000E+00     0.0000E+00    -0.1513E+02    -0.3530E+09     0.0000E+00     0.0000E+00     0.7227E+10    -0.6364E+10     0.7864E+10    -0.7001E+10     0.2843E+02     0.0000E+00     0.0000E+00     0.3138E-03    -0.2478E+05     0.0000E+00     0.0000E+00     0.1541E+11     0.6366E+09
   365    12    31  2001         1     1  ceap_07010101         0.6350E+05     0.6857E+05     0.1994E+03     0.4974E+03     0.1092E+01     0.5761E+04     0.1131E+12    -0.9770E+11     0.1232E+12    -0.1076E+12     0.6242E+04     0.0000E+00     0.0000E+00    -0.2416E+03    -0.2315E+09     0.0000E+00     0.0000E+00     0.5265E+10    -0.4624E+10     0.5740E+10    -0.5100E+10     0.1495E+03     0.0000E+00     0.0000E+00    -0.8273E-02    -0.1848E+05     0.0000E+00     0.0000E+00     0.1012E+11     0.4756E+09
   365    12    31  2002         1     1  ceap_07010101         0.5356E+05     0.5621E+05     0.1814E+03     0.3963E+03     0.1631E+00     0.3227E+04     0.5015E+11    -0.4329E+11     0.5461E+11    -0.4765E+11     0.9055E+04     0.0000E+00     0.0000E+00     0.1498E+03    -0.1021E+09     0.0000E+00     0.0000E+00     0.2553E+10    -0.2245E+10     0.2783E+10    -0.2475E+10     0.1388E+03     0.0000E+00     0.0000E+00     0.1884E+00    -0.8953E+04     0.0000E+00     0.0000E+00     0.4462E+10     0.2302E+09
   365    12    31  2003         1     1  ceap_07010101         0.1531E+05     0.1663E+05     0.1611E+01     0.1361E+03     0.1745E-02     0.1463E+04     0.1840E+11    -0.1579E+11     0.2001E+11    -0.1737E+11     0.8285E+02     0.0000E+00     0.0000E+00    -0.1042E+02    -0.3687E+08     0.0000E+00     0.0000E+00     0.9681E+09    -0.8442E+09     0.1055E+10    -0.9308E+09     0.3607E+02     0.0000E+00     0.0000E+00    -0.5455E-02    -0.3352E+04     0.0000E+00     0.0000E+00     0.1618E+10     0.8658E+08
   366    12    31  2004         1     1  ceap_07010101         0.4093E+05     0.4423E+05     0.1656E+01     0.3345E+03     0.2613E-02     0.3639E+04     0.7226E+11    -0.6231E+11     0.7860E+11    -0.6850E+11     0.5136E+02     0.0000E+00     0.0000E+00    -0.3130E+01    -0.1447E+09     0.0000E+00     0.0000E+00     0.3811E+10    -0.3344E+10     0.4153E+10    -0.3687E+10     0.6537E+02     0.0000E+00     0.0000E+00    -0.4146E-02    -0.1329E+05     0.0000E+00     0.0000E+00     0.6333E+10     0.3420E+09
   365    12    31  2005         1     1  ceap_07010101         0.3253E+05     0.3526E+05     0.2397E+01     0.2724E+03     0.5626E-02     0.3004E+04     0.9715E+11    -0.8395E+11     0.1056E+12    -0.9225E+11     0.9215E+02     0.0000E+00     0.0000E+00    -0.4269E+00    -0.1944E+09     0.0000E+00     0.0000E+00     0.4975E+10    -0.4381E+10     0.5415E+10    -0.4822E+10     0.5097E+02     0.0000E+00     0.0000E+00    -0.1395E-02    -0.1715E+05     0.0000E+00     0.0000E+00     0.8492E+10     0.4406E+09
   365    12    31  2006         1     1  ceap_07010101         0.1721E+05     0.1840E+05     0.1939E+01     0.1456E+03     0.1237E-02     0.1342E+04     0.4920E+11    -0.4267E+11     0.5350E+11    -0.4687E+11     0.1164E+03     0.0000E+00     0.0000E+00    -0.1978E+01    -0.9858E+08     0.0000E+00     0.0000E+00     0.2510E+10    -0.2219E+10     0.2731E+10    -0.2440E+10     0.1831E+02     0.0000E+00     0.0000E+00    -0.4857E-03    -0.8621E+04     0.0000E+00     0.0000E+00     0.4296E+10     0.2209E+09
   365    12    31  2007         1     1  ceap_07010101         0.3238E+05     0.3501E+05     0.6246E+00     0.2783E+03     0.2113E-02     0.2904E+04     0.2705E+11    -0.2324E+11     0.2947E+11    -0.2560E+11     0.4158E+02     0.0000E+00     0.0000E+00    -0.5001E+00    -0.5520E+08     0.0000E+00     0.0000E+00     0.1565E+10    -0.1370E+10     0.1710E+10    -0.1514E+10     0.5584E+02     0.0000E+00     0.0000E+00    -0.1421E-02    -0.5607E+04     0.0000E+00     0.0000E+00     0.2421E+10     0.1445E+09
   366    12    31  2008         1     1  ceap_07010101         0.3816E+05     0.4115E+05     0.2679E+02     0.3251E+03     0.1919E-01     0.3341E+04     0.1041E+12    -0.8992E+11     0.1132E+12    -0.9885E+11     0.1298E+04     0.0000E+00     0.0000E+00    -0.2132E+02    -0.2091E+09     0.0000E+00     0.0000E+00     0.5595E+10    -0.4926E+10     0.6096E+10    -0.5427E+10     0.9226E+02     0.0000E+00     0.0000E+00    -0.9116E-02    -0.1950E+05     0.0000E+00     0.0000E+00     0.9135E+10     0.5008E+09
   365    12    31  2009         1     1  ceap_07010101         0.3946E+05     0.4218E+05     0.6995E+02     0.3260E+03     0.4609E+00     0.3112E+04     0.9189E+11    -0.7936E+11     0.9995E+11    -0.8723E+11     0.2015E+04     0.0000E+00     0.0000E+00    -0.4802E+02    -0.1844E+09     0.0000E+00     0.0000E+00     0.4969E+10    -0.4371E+10     0.5417E+10    -0.4818E+10     0.1132E+03     0.0000E+00     0.0000E+00    -0.4604E-02    -0.1740E+05     0.0000E+00     0.0000E+00     0.8059E+10     0.4473E+09
   365    12    31  2010         1     1  ceap_07010101         0.6103E+05     0.6545E+05     0.7860E+02     0.4801E+03     0.4851E+00     0.4970E+04     0.1272E+12    -0.1100E+12     0.1384E+12    -0.1210E+12     0.2857E+04     0.0000E+00     0.0000E+00    -0.1142E+03    -0.2563E+09     0.0000E+00     0.0000E+00     0.6701E+10    -0.5907E+10     0.7308E+10    -0.6514E+10     0.2038E+03     0.0000E+00     0.0000E+00    -0.1998E-01    -0.2363E+05     0.0000E+00     0.0000E+00     0.1120E+11     0.6070E+09
   365    12    31  2011         1     1  ceap_07010101         0.6815E+05     0.7280E+05     0.1636E+03     0.5166E+03     0.6356E+00     0.5326E+04     0.1148E+12    -0.9940E+11     0.1250E+12    -0.1094E+12     0.5713E+04     0.0000E+00     0.0000E+00    -0.2083E+03    -0.2336E+09     0.0000E+00     0.0000E+00     0.5828E+10    -0.5146E+10     0.6357E+10    -0.5675E+10     0.2095E+03     0.0000E+00     0.0000E+00    -0.1348E-01    -0.2064E+05     0.0000E+00     0.0000E+00     0.1019E+11     0.5293E+09
   366    12    31  2012         1     1  ceap_07010101         0.2966E+05     0.3219E+05     0.1770E+03     0.2335E+03     0.3338E-01     0.2941E+04     0.2494E+11    -0.2146E+11     0.2713E+11    -0.2360E+11     0.2028E+04     0.0000E+00     0.0000E+00    -0.9850E+02    -0.5006E+08     0.0000E+00     0.0000E+00     0.1457E+10    -0.1278E+10     0.1587E+10    -0.1408E+10     0.3850E+03     0.0000E+00     0.0000E+00    -0.2279E-01    -0.5072E+04     0.0000E+00     0.0000E+00     0.2193E+10     0.1305E+09
   365    12    31  2013         1     1  ceap_07010101         0.3165E+05     0.3411E+05     0.5948E+01     0.2669E+03     0.2607E-02     0.2739E+04     0.4706E+11    -0.4068E+11     0.5119E+11    -0.4472E+11     0.1293E+03     0.0000E+00     0.0000E+00    -0.7246E+01    -0.9474E+08     0.0000E+00     0.0000E+00     0.2593E+10    -0.2282E+10     0.2827E+10    -0.2515E+10     0.9771E+02     0.0000E+00     0.0000E+00    -0.9193E-02    -0.9079E+04     0.0000E+00     0.0000E+00     0.4138E+10     0.2333E+09
   365    12    31  2014         1     1  ceap_07010101         0.5789E+05     0.6216E+05     0.5065E+02     0.4450E+03     0.3997E-01     0.4772E+04     0.1209E+12    -0.1043E+12     0.1315E+12    -0.1147E+12     0.1285E+04     0.0000E+00     0.0000E+00    -0.2134E+02    -0.2427E+09     0.0000E+00     0.0000E+00     0.6279E+10    -0.5516E+10     0.6838E+10    -0.6075E+10     0.1810E+03     0.0000E+00     0.0000E+00    -0.1010E-01    -0.2173E+05     0.0000E+00     0.0000E+00     0.1061E+11     0.5589E+09
   365    12    31  2015         1     1  ceap_07010101         0.3369E+05     0.3634E+05     0.1255E+01     0.2834E+03     0.2691E-02     0.2940E+04     0.6491E+11    -0.5598E+11     0.7058E+11    -0.6152E+11     0.8216E+02     0.0000E+00     0.0000E+00    -0.4309E+01    -0.1298E+09     0.0000E+00     0.0000E+00     0.3849E+10    -0.3390E+10     0.4191E+10    -0.3732E+10     0.9868E+02     0.0000E+00     0.0000E+00    -0.7796E-02    -0.1332E+05     0.0000E+00     0.0000E+00     0.5676E+10     0.3420E+09
   366    12    31  2016         1     1  ceap_07010101         0.4183E+05     0.4521E+05     0.6993E+00     0.3371E+03     0.2175E-02     0.3717E+04     0.1391E+12    -0.1205E+12     0.1512E+12    -0.1323E+12     0.6591E+02     0.0000E+00     0.0000E+00    -0.8326E+00    -0.2777E+09     0.0000E+00     0.0000E+00     0.7641E+10    -0.6756E+10     0.8313E+10    -0.7428E+10     0.1028E+03     0.0000E+00     0.0000E+00    -0.3068E-02    -0.2626E+05     0.0000E+00     0.0000E+00     0.1211E+11     0.6728E+09
   365    12    31  2017         1     1  ceap_07010101         0.3983E+05     0.4295E+05     0.1323E+03     0.3198E+03     0.4181E-01     0.3574E+04     0.9299E+11    -0.8044E+11     0.1011E+12    -0.8837E+11     0.1128E+04     0.0000E+00     0.0000E+00    -0.2631E+02    -0.1858E+09     0.0000E+00     0.0000E+00     0.4893E+10    -0.4317E+10     0.5326E+10    -0.4750E+10     0.1557E+03     0.0000E+00     0.0000E+00    -0.5533E-02    -0.1687E+05     0.0000E+00     0.0000E+00     0.8111E+10     0.4329E+09
   365    12    31  2018         1     1  ceap_07010101         0.5297E+05     0.5702E+05     0.1164E+03     0.4250E+03     0.4105E-01     0.4596E+04     0.1273E+12    -0.1103E+12     0.1384E+12    -0.1211E+12     0.6944E+03     0.0000E+00     0.0000E+00    -0.4214E+02    -0.2549E+09     0.0000E+00     0.0000E+00     0.6887E+10    -0.6086E+10     0.7498E+10    -0.6697E+10     0.2474E+03     0.0000E+00     0.0000E+00    -0.2531E-01    -0.2384E+05     0.0000E+00     0.0000E+00     0.1112E+11     0.6110E+09
