 ceap_07010101             SWAT+ @TODAY@        MODULAR Rev @YEAR@.@SWAT_VERSION@   April 17_NAM          
   jday   mon   day    yr   unit  gis_id  name                 sedyld     sedorgn     sedorgp     surqno3     lat3no3    surqsolp        usle     sedminp     tileno3     lchlabp    tilelabp      satexn    plant_cov       mgt_ops                          percn
                                                                  tha        kgha        kgha        kgha        kgha        kgha        tons        kgha        kgha        kgha        kgha        kgha                                                      kgha
    31     1    31  2000       1 2127801  2127801.0              0.000       0.000       0.000       0.000       0.000       0.000       0.000       0.000       0.000       0.000       0.000       0.000   soyb            soyb_cmz_02_intense_dry_3877         0.000
    60     2    29  2000       1 2127801  2127801.0              0.000       0.001       0.000       0.007       0.000       0.000       0.000       0.000       0.000       0.000       0.000       0.000   soyb            soyb_cmz_02_intense_dry_3877         0.000
    91     3    31  2000       1 2127801  2127801.0              0.005       0.023       0.003       0.028       0.003       0.001       0.000       0.002       0.000       0.000       0.000       0.000   soyb            soyb_cmz_02_intense_dry_3877         0.000
   121     4    30  2000       1 2127801  2127801.0              0.001       0.002       0.000       0.013       0.003       0.000       0.000       0.000       0.000       0.000       0.000       0.000   soyb            soyb_cmz_02_intense_dry_3877         0.000
   152     5    31  2000       1 2127801  2127801.0              0.000       0.000       0.000       0.000       0.010       0.000       0.000       0.000       0.000       0.000       0.000       0.000   soyb            soyb_cmz_02_intense_dry_3877         0.000
   182     6    30  2000       1 2127801  2127801.0              1.407      11.694       1.424       0.010       0.054       0.119       0.000       1.688       0.000       0.052       0.000       0.000   soyb            soyb_cmz_02_intense_dry_3877         5.616
   213     7    31  2000       1 2127801  2127801.0              0.049       0.497       0.060       0.000       0.000       0.021       0.000       0.073       0.000       0.000       0.000       0.000   soyb            soyb_cmz_02_intense_dry_3877         0.000
   244     8    31  2000       1 2127801  2127801.0              0.129       1.400       0.170       0.001       0.000       0.087       0.000       0.198       0.000       0.079       0.000       0.000   soyb            soyb_cmz_02_intense_dry_3877         0.000
   274     9    30  2000       1 2127801  2127801.0              0.000       0.031       0.004       0.000       0.000       0.005       0.000       0.004       0.000       0.084       0.000       0.000   soyb            soyb_cmz_02_intense_dry_3877         0.000
   305    10    31  2000       1 2127801  2127801.0              0.157       1.494       0.174       0.508       0.008       0.063       0.000       0.197       0.000       0.125       0.000       0.000   soyb            soyb_cmz_02_intense_dry_3877         0.263
   335    11    30  2000       1 2127801  2127801.0              0.275       3.267       0.386       0.214       0.021       0.112       0.000       0.450       0.000       0.160       0.000       0.000   soyb            soyb_cmz_02_intense_dry_3877         3.226
   366    12    31  2000       1 2127801  2127801.0              0.000       0.000       0.000       0.000       0.000       0.000       0.000       0.000       0.000       0.000       0.000       0.000   soyb            soyb_cmz_02_intense_dry_3877         0.000
    31     1    31  2001       1 2127801  2127801.0              0.001       0.012       0.001       0.015       0.000       0.001       0.000       0.002       0.000       0.000       0.000       0.000   soyb            soyb_cmz_02_intense_dry_3877         0.000
    59     2    28  2001       1 2127801  2127801.0              0.000       0.000       0.000       0.000       0.000       0.000       0.000       0.000       0.000       0.000       0.000       0.000   soyb            soyb_cmz_02_intense_dry_3877         0.000
    90     3    31  2001       1 2127801  2127801.0              0.544       7.790       0.928       1.295       0.000       0.145       0.000       1.078       0.000       0.000       0.000       0.000   soyb            soyb_cmz_02_intense_dry_3877         0.000
   120     4    30  2001       1 2127801  2127801.0              0.601       7.847       0.935       0.436       0.016       0.091       0.000       1.117       0.000       0.118       0.000       0.000   soyb            soyb_cmz_02_intense_dry_3877         4.909
   151     5    31  2001       1 2127801  2127801.0              0.928      10.678       1.278       0.039       0.027       0.090       0.000       1.603       0.000       0.169       0.000       0.000   soyb            soyb_cmz_02_intense_dry_3877         9.425
   181     6    30  2001       1 2127801  2127801.0              0.010       0.472       0.057       0.006       0.010       0.044       0.000       0.082       0.000       0.114       0.000       0.000   soyb            soyb_cmz_02_intense_dry_3877         4.411
   212     7    31  2001       1 2127801  2127801.0              0.035       1.350       0.164       0.000       0.000       0.097       0.000       0.252       0.000       0.000       0.000       0.000   soyb            soyb_cmz_02_intense_dry_3877         0.000
   243     8    31  2001       1 2127801  2127801.0              0.013       0.486       0.059       0.000       0.000       0.104       0.000       0.087       0.000       0.000       0.000       0.000   soyb            soyb_cmz_02_intense_dry_3877         0.000
   273     9    30  2001       1 2127801  2127801.0              0.000       0.011       0.001       0.000       0.000       0.022       0.000       0.002       0.000       0.000       0.000       0.000   soyb            soyb_cmz_02_intense_dry_3877         0.000
   304    10    31  2001       1 2127801  2127801.0              0.028       1.026       0.115       0.189       0.006       0.128       0.000       0.160       0.000       0.110       0.000       0.000   soyb            soyb_cmz_02_intense_dry_3877         0.124
   334    11    30  2001       1 2127801  2127801.0              0.000       0.000       0.000       0.000       0.000       0.000       0.000       0.000       0.000       0.000       0.000       0.000   soyb            soyb_cmz_02_intense_dry_3877         0.000
   365    12    31  2001       1 2127801  2127801.0              0.048       3.731       0.431       0.423       0.000       0.171       0.000       0.616       0.000       0.000       0.000       0.000   soyb            soyb_cmz_02_intense_dry_3877         0.000
    31     1    31  2002       1 2127801  2127801.0              0.095       5.458       0.637       0.251       0.000       0.110       0.000       0.870       0.000       0.000       0.000       0.000   soyb            soyb_cmz_02_intense_dry_3877         0.000
    59     2    28  2002       1 2127801  2127801.0              0.000       0.003       0.000       0.002       0.000       0.000       0.000       0.001       0.000       0.000       0.000       0.000   soyb            soyb_cmz_02_intense_dry_3877         0.000
    90     3    31  2002       1 2127801  2127801.0              0.034       1.869       0.218       0.356       0.000       0.069       0.000       0.306       0.000       0.000       0.000       0.000   soyb            soyb_cmz_02_intense_dry_3877         0.000
   120     4    30  2002       1 2127801  2127801.0              0.004       0.261       0.030       0.045       0.006       0.009       0.000       0.043       0.000       0.056       0.000       0.000   soyb            soyb_cmz_02_intense_dry_3877         0.247
   151     5    31  2002       1 2127801  2127801.0              0.160      17.734       2.123       0.043       0.014       0.988       0.000       3.105       0.000       0.065       0.000       0.000   soyb            soyb_cmz_02_intense_dry_3877         1.085
   181     6    30  2002       1 2127801  2127801.0              8.786      46.264      13.049       0.006       0.027       1.323       0.000       8.125       0.000       0.176       0.000       0.000   soyb            soyb_cmz_02_intense_dry_3877         8.380
   212     7    31  2002       1 2127801  2127801.0              0.730       0.248       0.035       0.001       0.000       0.000       0.000       0.054       0.000       0.030       0.000       0.000   soyb            soyb_cmz_02_intense_dry_3877         0.000
   243     8    31  2002       1 2127801  2127801.0              0.002       0.002       0.000       0.001       0.000       0.000       0.000       0.008       0.000       0.000       0.000       0.000   soyb            soyb_cmz_02_intense_dry_3877         0.000
   273     9    30  2002       1 2127801  2127801.0              0.000       0.000       0.000       0.000       0.000       0.000       0.000       0.002       0.000       0.030       0.000       0.000   soyb            soyb_cmz_02_intense_dry_3877         0.000
   304    10    31  2002       1 2127801  2127801.0              0.001       0.047       0.004       0.049       0.001       0.015       0.000       0.010       0.000       0.059       0.000       0.000   soyb            soyb_cmz_02_intense_dry_3877         0.009
   334    11    30  2002       1 2127801  2127801.0              0.010       0.880       0.082       0.247       0.000       0.088       0.000       0.184       0.000       0.000       0.000       0.000   soyb            soyb_cmz_02_intense_dry_3877         0.000
   365    12    31  2002       1 2127801  2127801.0              0.000       0.000       0.000       0.000       0.000       0.000       0.000       0.000       0.000       0.000       0.000       0.000   soyb            soyb_cmz_02_intense_dry_3877         0.000
    31     1    31  2003       1 2127801  2127801.0              0.036       3.734       0.389       0.297       0.000       0.148       0.000       0.367       0.000       0.000       0.000       0.000   soyb            soyb_cmz_02_intense_dry_3877         0.000
    59     2    28  2003       1 2127801  2127801.0              0.000       0.000       0.000       0.000       0.000       0.000       0.000       0.000       0.000       0.000       0.000       0.000   soyb            soyb_cmz_02_intense_dry_3877         0.000
    90     3    31  2003       1 2127801  2127801.0              0.246      17.914       1.867       0.462       0.000       0.162       0.000       0.740       0.000       0.000       0.000       0.000   soyb            soyb_cmz_02_intense_dry_3877         0.000
   120     4    30  2003       1 2127801  2127801.0              0.002       0.057       0.006       0.035       0.001       0.003       0.000       0.028       0.000       0.000       0.000       0.000   soyb            soyb_cmz_02_intense_dry_3877         0.000
   151     5    31  2003       1 2127801  2127801.0              0.020       0.977       0.116       0.039       0.016       0.224       0.000       0.423       0.000       0.111       0.000       0.000   soyb            soyb_cmz_02_intense_dry_3877         0.665
   181     6    30  2003       1 2127801  2127801.0              1.342      14.814       2.596       0.012       0.028       2.552       0.000       3.598       0.000       0.212       0.000       0.000   soyb            soyb_cmz_02_intense_dry_3877         5.466
   212     7    31  2003       1 2127801  2127801.0              0.079       0.140       0.025       0.000       0.001       0.000       0.000       0.031       0.000       0.056       0.000       0.000   soyb            soyb_cmz_02_intense_dry_3877         1.087
   243     8    31  2003       1 2127801  2127801.0              0.000       0.000       0.000       0.000       0.000       0.000       0.000       0.000       0.000       0.000       0.000       0.000   soyb            soyb_cmz_02_intense_dry_3877         0.000
   273     9    30  2003       1 2127801  2127801.0              0.000       0.001       0.000       0.000       0.000       0.000       0.000       0.002       0.000       0.000       0.000       0.000   soyb            soyb_cmz_02_intense_dry_3877         0.000
   304    10    31  2003       1 2127801  2127801.0              0.002       0.723       0.071       0.030       0.003       0.123       0.000       0.119       0.000       0.000       0.000       0.000   soyb            soyb_cmz_02_intense_dry_3877         0.000
   334    11    30  2003       1 2127801  2127801.0              0.010       3.064       0.305       0.193       0.000       0.417       0.000       0.340       0.000       0.000       0.000       0.000   soyb            soyb_cmz_02_intense_dry_3877         0.000
   365    12    31  2003       1 2127801  2127801.0              0.022       1.158       0.115       0.326       0.000       0.081       0.000       0.063       0.000       0.000       0.000       0.000   soyb            soyb_cmz_02_intense_dry_3877         0.000
    31     1    31  2004       1 2127801  2127801.0              0.000       0.000       0.000       0.000       0.000       0.000       0.000       0.000       0.000       0.000       0.000       0.000   soyb            soyb_cmz_02_intense_dry_3877         0.000
    60     2    29  2004       1 2127801  2127801.0              0.190       4.196       0.512       0.568       0.000       0.141       0.000       0.167       0.000       0.000       0.000       0.000   soyb            soyb_cmz_02_intense_dry_3877         0.000
    91     3    31  2004       1 2127801  2127801.0              0.082       0.000       0.000       0.350       0.000       0.012       0.000       0.036       0.000       0.000       0.000       0.000   soyb            soyb_cmz_02_intense_dry_3877         0.000
   121     4    30  2004       1 2127801  2127801.0              0.000       0.000       0.000       0.000       0.003       0.000       0.000       0.000       0.000       0.000       0.000       0.000   soyb            soyb_cmz_02_intense_dry_3877         0.000
   152     5    31  2004       1 2127801  2127801.0              0.552      11.647       5.746       0.195       0.019       2.037       0.000       4.812       0.000       0.142       0.000       0.000   soyb            soyb_cmz_02_intense_dry_3877         1.400
   182     6    30  2004       1 2127801  2127801.0              0.001       0.031       0.004       0.000       0.002       0.163       0.000       0.403       0.000       0.000       0.000       0.000   soyb            soyb_cmz_02_intense_dry_3877         0.000
   213     7    31  2004       1 2127801  2127801.0              0.340       0.233       0.167       0.001       0.013       0.357       0.000       0.566       0.000       0.164       0.000       0.000   soyb            soyb_cmz_02_intense_dry_3877         3.888
   244     8    31  2004       1 2127801  2127801.0              0.002       0.012       0.002       0.000       0.000       0.000       0.000       0.000       0.000       0.000       0.000       0.000   soyb            soyb_cmz_02_intense_dry_3877         0.000
   274     9    30  2004       1 2127801  2127801.0              0.085       0.171       0.048       0.001       0.000       0.000       0.000       0.004       0.000       0.128       0.000       0.000   soyb            soyb_cmz_02_intense_dry_3877         0.000
   305    10    31  2004       1 2127801  2127801.0              1.251      22.668      72.799       0.265       0.022       1.914       0.000       3.373       0.000       0.178       0.000       0.000   soyb            soyb_cmz_02_intense_dry_3877         2.191
   335    11    30  2004       1 2127801  2127801.0              0.000       0.008       0.006       0.001       0.002       0.003       0.000       0.001       0.000       0.002       0.000       0.000   soyb            soyb_cmz_02_intense_dry_3877         0.008
   366    12    31  2004       1 2127801  2127801.0              0.004       0.644       0.140       0.103       0.000       0.261       0.000       0.250       0.000       0.000       0.000       0.000   soyb            soyb_cmz_02_intense_dry_3877         0.000
    31     1    31  2005       1 2127801  2127801.0              0.000       0.000       0.000       0.000       0.000       0.000       0.000       0.000       0.000       0.000       0.000       0.000   soyb            soyb_cmz_02_intense_dry_3877         0.000
    59     2    28  2005       1 2127801  2127801.0              0.682       1.724       0.767       1.042       0.000       0.084       0.000       0.132       0.000       0.000       0.000       0.000   soyb            soyb_cmz_02_intense_dry_3877         0.000
    90     3    31  2005       1 2127801  2127801.0              0.004       0.000       0.000       0.195       0.000       0.005       0.000       0.004       0.000       0.000       0.000       0.000   soyb            soyb_cmz_02_intense_dry_3877         0.000
   120     4    30  2005       1 2127801  2127801.0              0.027       0.335       0.387       0.056       0.009       0.342       0.000       0.259       0.000       0.052       0.000       0.000   soyb            soyb_cmz_02_intense_dry_3877         1.032
   151     5    31  2005       1 2127801  2127801.0              1.864      12.036      42.869       0.062       0.041       0.875       0.000       1.565       0.000       0.213       0.000       0.000   soyb            soyb_cmz_02_intense_dry_3877         8.557
   181     6    30  2005       1 2127801  2127801.0              1.310       0.421       7.464       0.001       0.031       4.155       0.000       4.332       0.000       0.211       0.000       0.000   soyb            soyb_cmz_02_intense_dry_3877        16.897
   212     7    31  2005       1 2127801  2127801.0              0.001       0.033       0.010       0.000       0.001       0.000       0.000       0.001       0.000       0.027       0.000       0.000   soyb            soyb_cmz_02_intense_dry_3877         1.228
   243     8    31  2005       1 2127801  2127801.0              0.001       0.046       0.006       0.000       0.000       0.000       0.000       0.001       0.000       0.000       0.000       0.000   soyb            soyb_cmz_02_intense_dry_3877         0.000
   273     9    30  2005       1 2127801  2127801.0              0.002       0.020       0.005       0.000       0.000       0.000       0.000       0.001       0.000       0.000       0.000       0.000   soyb            soyb_cmz_02_intense_dry_3877         0.000
   304    10    31  2005       1 2127801  2127801.0              0.106       9.695       1.085       0.074       0.002       0.487       0.000       0.035       0.000       0.030       0.000       0.000   soyb            soyb_cmz_02_intense_dry_3877         0.007
   334    11    30  2005       1 2127801  2127801.0              0.070       3.786       2.894       0.091       0.008       0.879       0.000       0.723       0.000       0.122       0.000       0.000   soyb            soyb_cmz_02_intense_dry_3877         0.255
   365    12    31  2005       1 2127801  2127801.0              0.030       0.000       0.000       0.123       0.000       0.000       0.000       0.000       0.000       0.000       0.000       0.000   soyb            soyb_cmz_02_intense_dry_3877         0.000
    31     1    31  2006       1 2127801  2127801.0              0.267       2.418      10.674       0.214       0.000       0.047       0.000       0.239       0.000       0.000       0.000       0.000   soyb            soyb_cmz_02_intense_dry_3877         0.000
    59     2    28  2006       1 2127801  2127801.0              0.000       0.000       0.000       0.000       0.000       0.000       0.000       0.000       0.000       0.000       0.000       0.000   soyb            soyb_cmz_02_intense_dry_3877         0.000
    90     3    31  2006       1 2127801  2127801.0              1.625       0.000       0.000       0.400       0.000       0.000       0.000       0.000       0.000       0.000       0.000       0.000   soyb            soyb_cmz_02_intense_dry_3877         0.000
   120     4    30  2006       1 2127801  2127801.0              0.007       0.255       0.575       0.043       0.010       0.320       0.000       0.077       0.000       0.091       0.000       0.000   soyb            soyb_cmz_02_intense_dry_3877         1.156
   151     5    31  2006       1 2127801  2127801.0              0.667       0.535      18.379       0.074       0.016       0.221       0.000       0.119       0.000       0.158       0.000       0.000   soyb            soyb_cmz_02_intense_dry_3877         2.819
   181     6    30  2006       1 2127801  2127801.0              0.123      15.559     579.982       0.000       0.000       2.650       0.000       4.862       0.000       0.000       0.000       0.000   soyb            soyb_cmz_02_intense_dry_3877         0.000
   212     7    31  2006       1 2127801  2127801.0              0.001       0.075       0.081       0.000       0.000       0.000       0.000       0.004       0.000       0.000       0.000       0.000   soyb            soyb_cmz_02_intense_dry_3877         0.000
   243     8    31  2006       1 2127801  2127801.0              0.000       0.000       0.000       0.000       0.000       0.000       0.000       0.000       0.000       0.000       0.000       0.000   soyb            soyb_cmz_02_intense_dry_3877         0.000
   273     9    30  2006       1 2127801  2127801.0              0.001       0.071       0.054       0.000       0.000       0.005       0.000       0.002       0.000       0.000       0.000       0.000   soyb            soyb_cmz_02_intense_dry_3877         0.000
   304    10    31  2006       1 2127801  2127801.0              0.001       0.806       0.143       0.003       0.003       0.204       0.000       0.040       0.000       0.055       0.000       0.000   soyb            soyb_cmz_02_intense_dry_3877         0.049
   334    11    30  2006       1 2127801  2127801.0              0.000       0.000       0.000       0.000       0.000       0.000       0.000       0.000       0.000       0.000       0.000       0.000   soyb            soyb_cmz_02_intense_dry_3877         0.000
   365    12    31  2006       1 2127801  2127801.0              0.093       8.007     330.203       0.304       0.000       0.541       0.000       1.510       0.000       0.000       0.000       0.000   soyb            soyb_cmz_02_intense_dry_3877         0.000
    31     1    31  2007       1 2127801  2127801.0              0.189       7.174     361.161       0.263       0.000       0.048       0.000       0.694       0.000       0.000       0.000       0.000   soyb            soyb_cmz_02_intense_dry_3877         0.000
    59     2    28  2007       1 2127801  2127801.0              0.014       0.000       0.000       0.150       0.000       0.000       0.000       0.000       0.000       0.000       0.000       0.000   soyb            soyb_cmz_02_intense_dry_3877         0.000
    90     3    31  2007       1 2127801  2127801.0              0.284       0.061       0.293       0.729       0.005       0.133       0.000       0.008       0.000       0.061       0.000       0.000   soyb            soyb_cmz_02_intense_dry_3877         0.387
   120     4    30  2007       1 2127801  2127801.0              0.347       0.173       9.439       0.090       0.012       0.225       0.000       0.025       0.000       0.121       0.000       0.000   soyb            soyb_cmz_02_intense_dry_3877         1.957
   151     5    31  2007       1 2127801  2127801.0              0.433       5.763     111.559       0.079       0.009       3.113       0.000       0.899       0.000       0.081       0.000       0.000   soyb            soyb_cmz_02_intense_dry_3877         1.487
   181     6    30  2007       1 2127801  2127801.0              0.250       0.167      26.298       0.001       0.016       1.931       0.000       0.645       0.000       0.193       0.000       0.000   soyb            soyb_cmz_02_intense_dry_3877         5.611
   212     7    31  2007       1 2127801  2127801.0              0.010       0.113       3.108       0.001       0.000       0.014       0.000       0.004       0.000       0.000       0.000       0.000   soyb            soyb_cmz_02_intense_dry_3877         0.000
   243     8    31  2007       1 2127801  2127801.0              0.000       0.000       0.000       0.000       0.000       0.000       0.000       0.000       0.000       0.000       0.000       0.000   soyb            soyb_cmz_02_intense_dry_3877         0.000
   273     9    30  2007       1 2127801  2127801.0              0.002       0.049       0.236       0.000       0.000       0.001       0.000       0.002       0.000       0.000       0.000       0.000   soyb            soyb_cmz_02_intense_dry_3877         0.000
   304    10    31  2007       1 2127801  2127801.0              0.232       1.968      44.789       0.097       0.006       0.903       0.000       0.087       0.000       0.116       0.000       0.000   soyb            soyb_cmz_02_intense_dry_3877         0.306
   334    11    30  2007       1 2127801  2127801.0              0.000       0.728       0.090       0.000       0.000       0.000       0.000       0.092       0.000       0.001       0.000       0.000   soyb            soyb_cmz_02_intense_dry_3877         0.001
   365    12    31  2007       1 2127801  2127801.0              0.000       0.000       0.000       0.000       0.000       0.000       0.000       0.000       0.000       0.000       0.000       0.000   soyb            soyb_cmz_02_intense_dry_3877         0.000
    31     1    31  2008       1 2127801  2127801.0              0.042       4.830     840.741       0.389       0.000       0.315       0.000       0.771       0.000       0.000       0.000       0.000   soyb            soyb_cmz_02_intense_dry_3877         0.000
    60     2    29  2008       1 2127801  2127801.0              0.000       0.000       0.000       0.000       0.000       0.000       0.000       0.000       0.000       0.000       0.000       0.000   soyb            soyb_cmz_02_intense_dry_3877         0.000
    91     3    31  2008       1 2127801  2127801.0              0.426       0.000       0.000       0.911       0.000       0.000       0.000       0.000       0.000       0.000       0.000       0.000   soyb            soyb_cmz_02_intense_dry_3877         0.000
   121     4    30  2008       1 2127801  2127801.0              0.380       0.205      20.934       1.204       0.009       0.283       0.000       0.030       0.000       0.096       0.000       0.000   soyb            soyb_cmz_02_intense_dry_3877         1.012
   152     5    31  2008       1 2127801  2127801.0              0.041       9.213    4857.113       0.116       0.007       5.955       0.000       1.978       0.000       0.062       0.000       0.000   soyb            soyb_cmz_02_intense_dry_3877         0.406
   182     6    30  2008       1 2127801  2127801.0              1.021       0.250     221.992       0.033       0.024       0.043       0.000       0.031       0.000       0.260       0.000       0.000   soyb            soyb_cmz_02_intense_dry_3877         6.102
   213     7    31  2008       1 2127801  2127801.0              0.018       0.069       7.840       0.000       0.000       0.000       0.000       0.003       0.000       0.058       0.000       0.000   soyb            soyb_cmz_02_intense_dry_3877         1.173
   244     8    31  2008       1 2127801  2127801.0              0.002       0.037       1.219       0.000       0.000       0.009       0.000       0.002       0.000       0.000       0.000       0.000   soyb            soyb_cmz_02_intense_dry_3877         0.000
   274     9    30  2008       1 2127801  2127801.0              0.063       0.043       7.110       0.001       0.000       0.000       0.000       0.003       0.000       0.081       0.000       0.000   soyb            soyb_cmz_02_intense_dry_3877         0.000
   305    10    31  2008       1 2127801  2127801.0              0.037       2.732     102.546       0.226       0.010       1.421       0.000       0.150       0.000       0.206       0.000       0.000   soyb            soyb_cmz_02_intense_dry_3877         0.616
   335    11    30  2008       1 2127801  2127801.0              0.005       0.200      10.248       0.016       0.009       0.480       0.000       0.060       0.000       0.113       0.000       0.000   soyb            soyb_cmz_02_intense_dry_3877         0.937
   366    12    31  2008       1 2127801  2127801.0              0.000       0.000       0.000       0.000       0.000       0.000       0.000       0.000       0.000       0.000       0.000       0.000   soyb            soyb_cmz_02_intense_dry_3877         0.000
    31     1    31  2009       1 2127801  2127801.0              0.000       0.000       0.000       0.000       0.000       0.000       0.000       0.000       0.000       0.000       0.000       0.000   soyb            soyb_cmz_02_intense_dry_3877         0.000
    59     2    28  2009       1 2127801  2127801.0              0.802       6.899   16669.840       0.602       0.000       0.117       0.000       0.840       0.000       0.000       0.000       0.000   soyb            soyb_cmz_02_intense_dry_3877         0.000
    90     3    31  2009       1 2127801  2127801.0              2.402       0.000       0.000       0.861       0.000       0.000       0.000       0.000       0.000       0.000       0.000       0.000   soyb            soyb_cmz_02_intense_dry_3877         0.000
   120     4    30  2009       1 2127801  2127801.0              0.064       0.085       0.584       0.150       0.007       0.004       0.000       0.022       0.000       0.050       0.000       0.000   soyb            soyb_cmz_02_intense_dry_3877         1.473
   151     5    31  2009       1 2127801  2127801.0              0.207      16.793  100994.281       0.045       0.011       0.748       0.000       1.777       0.000       0.061       0.000       0.000   soyb            soyb_cmz_02_intense_dry_3877         1.529
   181     6    30  2009       1 2127801  2127801.0              0.019       0.153     128.626       0.001       0.011       1.441       0.000       1.140       0.000       0.116       0.000       0.000   soyb            soyb_cmz_02_intense_dry_3877         2.078
   212     7    31  2009       1 2127801  2127801.0              0.000       0.043       0.302       0.000       0.000       0.000       0.000       0.001       0.000       0.000       0.000       0.000   soyb            soyb_cmz_02_intense_dry_3877         0.000
   243     8    31  2009       1 2127801  2127801.0              0.002       0.028       1.987       0.000       0.000       0.000       0.000       0.001       0.000       0.000       0.000       0.000   soyb            soyb_cmz_02_intense_dry_3877         0.000
   273     9    30  2009       1 2127801  2127801.0              0.041       0.087      73.262       0.000       0.000       0.004       0.000       0.003       0.000       0.000       0.000       0.000   soyb            soyb_cmz_02_intense_dry_3877         0.000
   304    10    31  2009       1 2127801  2127801.0              0.106       3.347     781.649       0.043       0.015       1.194       0.000       0.388       0.000       0.086       0.000       0.000   soyb            soyb_cmz_02_intense_dry_3877         0.819
   334    11    30  2009       1 2127801  2127801.0              0.000       0.016      23.609       0.001       0.007       0.009       0.000       0.007       0.000       0.085       0.000       0.000   soyb            soyb_cmz_02_intense_dry_3877         0.396
   365    12    31  2009       1 2127801  2127801.0              0.000       0.000       0.000       0.000       0.000       0.000       0.000       0.000       0.000       0.000       0.000       0.000   soyb            soyb_cmz_02_intense_dry_3877         0.000
    31     1    31  2010       1 2127801  2127801.0              0.030       2.933   12579.903       0.166       0.000       0.276       0.000       0.557       0.000       0.000       0.000       0.000   soyb            soyb_cmz_02_intense_dry_3877         0.000
    59     2    28  2010       1 2127801  2127801.0              0.000       0.000       0.000       0.000       0.000       0.000       0.000       0.000       0.000       0.000       0.000       0.000   soyb            soyb_cmz_02_intense_dry_3877         0.000
    90     3    31  2010       1 2127801  2127801.0              1.094       0.000       0.000       1.006       0.007       0.000       0.000       0.000       0.000       0.031       0.000       0.000   soyb            soyb_cmz_02_intense_dry_3877         0.928
   120     4    30  2010       1 2127801  2127801.0              0.039       0.634    3610.606       0.030       0.004       0.427       0.000       0.216       0.000       0.030       0.000       0.000   soyb            soyb_cmz_02_intense_dry_3877         0.633
   151     5    31  2010       1 2127801  2127801.0              0.127       1.711   31519.221       0.030       0.036       0.574       0.000       0.175       0.000       0.279       0.000       0.000   soyb            soyb_cmz_02_intense_dry_3877         8.318
   181     6    30  2010       1 2127801  2127801.0              1.207       0.172    5943.377       0.002       0.025       1.353       0.000       0.900       0.000       0.261       0.000       0.000   soyb            soyb_cmz_02_intense_dry_3877        14.586
   212     7    31  2010       1 2127801  2127801.0              0.581       0.131    2275.607       0.001       0.000       0.000       0.000       0.006       0.000       0.141       0.000       0.000   soyb            soyb_cmz_02_intense_dry_3877         0.000
   243     8    31  2010       1 2127801  2127801.0              0.042       0.023      30.578       0.001       0.000       0.000       0.000       0.001       0.000       0.061       0.000       0.000   soyb            soyb_cmz_02_intense_dry_3877         0.000
   273     9    30  2010       1 2127801  2127801.0              0.026       0.036      39.380       0.002       0.000       0.001       0.000       0.002       0.000       0.109       0.000       0.000   soyb            soyb_cmz_02_intense_dry_3877         0.000
   304    10    31  2010       1 2127801  2127801.0              0.435       6.089   32149.307       0.386       0.009       1.010       0.000       0.536       0.000       0.057       0.000       0.000   soyb            soyb_cmz_02_intense_dry_3877         0.351
   334    11    30  2010       1 2127801  2127801.0              0.042       0.647    6539.839       0.359       0.002       0.440       0.000       0.323       0.000       0.026       0.000       0.000   soyb            soyb_cmz_02_intense_dry_3877         0.082
   365    12    31  2010       1 2127801  2127801.0              0.000       0.003      69.021       0.001       0.000       0.002       0.000       0.003       0.000       0.000       0.000       0.000   soyb            soyb_cmz_02_intense_dry_3877         0.000
    31     1    31  2011       1 2127801  2127801.0              0.000       0.000       0.000       0.000       0.000       0.000       0.000       0.000       0.000       0.000       0.000       0.000   soyb            soyb_cmz_02_intense_dry_3877         0.000
    59     2    28  2011       1 2127801  2127801.0              0.709       6.115  547524.188       1.287       0.000       0.035       0.000       0.458       0.000       0.000       0.000       0.000   soyb            soyb_cmz_02_intense_dry_3877         0.000
    90     3    31  2011       1 2127801  2127801.0              0.009       0.000       0.000       0.237       0.000       0.000       0.000       0.000       0.000       0.000       0.000       0.000   soyb            soyb_cmz_02_intense_dry_3877         0.000
   120     4    30  2011       1 2127801  2127801.0              0.405       0.608   28365.561       0.195       0.020       0.370       0.000       0.089       0.000       0.177       0.000       0.000   soyb            soyb_cmz_02_intense_dry_3877         2.734
   151     5    31  2011       1 2127801  2127801.0              0.198       4.663   38059.902       0.069       0.027       5.291       0.000       0.793       0.000       0.236       0.000       0.000   soyb            soyb_cmz_02_intense_dry_3877         6.915
   181     6    30  2011       1 2127801  2127801.0              1.391       0.201   60104.660       0.001       0.024       0.162       0.000       0.037       0.000       0.177       0.000       0.000   soyb            soyb_cmz_02_intense_dry_3877        11.532
   212     7    31  2011       1 2127801  2127801.0              0.013       0.117    1756.156       0.000       0.000       0.000       0.000       0.005       0.000       0.026       0.000       0.000   soyb            soyb_cmz_02_intense_dry_3877         0.000
   243     8    31  2011       1 2127801  2127801.0              0.020       0.052     747.904       0.000       0.000       0.000       0.000       0.002       0.000       0.046       0.000       0.000   soyb            soyb_cmz_02_intense_dry_3877         0.000
   273     9    30  2011       1 2127801  2127801.0              0.001       0.017      28.752       0.000       0.000       0.000       0.000       0.001       0.000       0.000       0.000       0.000   soyb            soyb_cmz_02_intense_dry_3877         0.000
   304    10    31  2011       1 2127801  2127801.0              0.000       0.000       0.000       0.000       0.000       0.000       0.000       0.000       0.000       0.000       0.000       0.000   soyb            soyb_cmz_02_intense_dry_3877         0.000
   334    11    30  2011       1 2127801  2127801.0              0.001       4.626   17001.311       0.110       0.000       0.290       0.000       0.572       0.000       0.000       0.000       0.000   soyb            soyb_cmz_02_intense_dry_3877         0.000
   365    12    31  2011       1 2127801  2127801.0              0.000       0.000       0.000       0.001       0.000       0.000       0.000       0.043       0.000       0.000       0.000       0.000   soyb            soyb_cmz_02_intense_dry_3877         0.000
    31     1    31  2012       1 2127801  2127801.0              0.056       3.048  387325.719       0.864       0.000       0.079       0.000       0.219       0.000       0.000       0.000       0.000   soyb            soyb_cmz_02_intense_dry_3877         0.000
    60     2    29  2012       1 2127801  2127801.0              0.001       0.000       0.000       0.096       0.000       0.000       0.000       0.000       0.000       0.000       0.000       0.000   soyb            soyb_cmz_02_intense_dry_3877         0.000
    91     3    31  2012       1 2127801  2127801.0              0.727       0.228   11377.978       1.685       0.010       0.319       0.000       0.063       0.000       0.000       0.000       0.000   soyb            soyb_cmz_02_intense_dry_3877         0.000
   121     4    30  2012       1 2127801  2127801.0              0.105       0.773  154777.031       0.103       0.013       0.472       0.000       0.164       0.000       0.084       0.000       0.000   soyb            soyb_cmz_02_intense_dry_3877         0.720
   152     5    31  2012       1 2127801  2127801.0              0.140       7.972 9180213.000       0.160       0.009       7.807       0.000       1.334       0.000       0.053       0.000       0.000   soyb            soyb_cmz_02_intense_dry_3877         0.527
   182     6    30  2012       1 2127801  2127801.0              0.071       0.092   28846.904       0.001       0.009       0.002       0.000       0.005       0.000       0.084       0.000       0.000   soyb            soyb_cmz_02_intense_dry_3877         1.347
   213     7    31  2012       1 2127801  2127801.0              0.016       0.103   11600.782       0.000       0.000       0.000       0.000       0.005       0.000       0.000       0.000       0.000   soyb            soyb_cmz_02_intense_dry_3877         0.000
   244     8    31  2012       1 2127801  2127801.0              0.010       0.034     947.732       0.000       0.000       0.006       0.000       0.001       0.000       0.000       0.000       0.000   soyb            soyb_cmz_02_intense_dry_3877         0.000
   274     9    30  2012       1 2127801  2127801.0              0.000       0.000       0.000       0.000       0.000       0.000       0.000       0.000       0.000       0.000       0.000       0.000   soyb            soyb_cmz_02_intense_dry_3877         0.000
   305    10    31  2012       1 2127801  2127801.0              0.001       1.389    2963.763       0.011       0.004       0.487       0.000       0.080       0.000       0.000       0.000       0.000   soyb            soyb_cmz_02_intense_dry_3877         0.000
   335    11    30  2012       1 2127801  2127801.0              0.000       1.662    2945.732       0.000       0.002       0.006       0.000       0.191       0.000       0.000       0.000       0.000   soyb            soyb_cmz_02_intense_dry_3877         0.000
   366    12    31  2012       1 2127801  2127801.0              0.006       0.000       0.000       0.053       0.000       0.211       0.000       0.101       0.000       0.000       0.000       0.000   soyb            soyb_cmz_02_intense_dry_3877         0.000
    31     1    31  2013       1 2127801  2127801.0              0.280       8.000 8947338.000       0.118       0.000       0.020       0.000       0.338       0.000       0.000       0.000       0.000   soyb            soyb_cmz_02_intense_dry_3877         0.000
    59     2    28  2013       1 2127801  2127801.0              0.000       0.000       0.000       0.000       0.000       0.000       0.000       0.000       0.000       0.000       0.000       0.000   soyb            soyb_cmz_02_intense_dry_3877         0.000
