 ceap_07010101             SWAT+ @TODAY@        MODULAR Rev @YEAR@.@SWAT_VERSION@   April 17_NAM          
   jday   mon   day    yr   unit  gis_id  name                 sedyld     sedorgn     sedorgp     surqno3     lat3no3    surqsolp        usle     sedminp     tileno3     lchlabp    tilelabp      satexn    plant_cov       mgt_ops                          percn
                                                                  tha        kgha        kgha        kgha        kgha        kgha        tons        kgha        kgha        kgha        kgha        kgha                                                      kgha
     1     1     1  2000       1 2127801  2127801.0              0.000       0.000       0.000       0.000       0.000       0.000       0.000       0.000       0.000       0.000       0.000       0.000   soyb            soyb_cmz_02_intense_dry_3877         0.000
     2     1     2  2000       1 2127801  2127801.0              0.000       0.000       0.000       0.000       0.000       0.000       0.000       0.000       0.000       0.000       0.000       0.000   soyb            soyb_cmz_02_intense_dry_3877         0.000
     3     1     3  2000       1 2127801  2127801.0              0.000       0.000       0.000       0.000       0.000       0.000       0.000       0.000       0.000       0.000       0.000       0.000   soyb            soyb_cmz_02_intense_dry_3877         0.000
     4     1     4  2000       1 2127801  2127801.0              0.000       0.000       0.000       0.000       0.000       0.000       0.000       0.000       0.000       0.000       0.000       0.000   soyb            soyb_cmz_02_intense_dry_3877         0.000
     5     1     5  2000       1 2127801  2127801.0              0.000       0.000       0.000       0.000       0.000       0.000       0.000       0.000       0.000       0.000       0.000       0.000   soyb            soyb_cmz_02_intense_dry_3877         0.000
     6     1     6  2000       1 2127801  2127801.0              0.000       0.000       0.000       0.000       0.000       0.000       0.000       0.000       0.000       0.000       0.000       0.000   soyb            soyb_cmz_02_intense_dry_3877         0.000
     7     1     7  2000       1 2127801  2127801.0              0.000       0.000       0.000       0.000       0.000       0.000       0.000       0.000       0.000       0.000       0.000       0.000   soyb            soyb_cmz_02_intense_dry_3877         0.000
     8     1     8  2000       1 2127801  2127801.0              0.000       0.000       0.000       0.000       0.000       0.000       0.000       0.000       0.000       0.000       0.000       0.000   soyb            soyb_cmz_02_intense_dry_3877         0.000
     9     1     9  2000       1 2127801  2127801.0              0.000       0.000       0.000       0.000       0.000       0.000       0.000       0.000       0.000       0.000       0.000       0.000   soyb            soyb_cmz_02_intense_dry_3877         0.000
    10     1    10  2000       1 2127801  2127801.0              0.000       0.000       0.000       0.000       0.000       0.000       0.000       0.000       0.000       0.000       0.000       0.000   soyb            soyb_cmz_02_intense_dry_3877         0.000
    11     1    11  2000       1 2127801  2127801.0              0.000       0.000       0.000       0.000       0.000       0.000       0.000       0.000       0.000       0.000       0.000       0.000   soyb            soyb_cmz_02_intense_dry_3877         0.000
    12     1    12  2000       1 2127801  2127801.0              0.000       0.000       0.000       0.000       0.000       0.000       0.000       0.000       0.000       0.000       0.000       0.000   soyb            soyb_cmz_02_intense_dry_3877         0.000
    13     1    13  2000       1 2127801  2127801.0              0.000       0.000       0.000       0.000       0.000       0.000       0.000       0.000       0.000       0.000       0.000       0.000   soyb            soyb_cmz_02_intense_dry_3877         0.000
    14     1    14  2000       1 2127801  2127801.0              0.000       0.000       0.000       0.000       0.000       0.000       0.000       0.000       0.000       0.000       0.000       0.000   soyb            soyb_cmz_02_intense_dry_3877         0.000
    15     1    15  2000       1 2127801  2127801.0              0.000       0.000       0.000       0.000       0.000       0.000       0.000       0.000       0.000       0.000       0.000       0.000   soyb            soyb_cmz_02_intense_dry_3877         0.000
    16     1    16  2000       1 2127801  2127801.0              0.000       0.000       0.000       0.000       0.000       0.000       0.000       0.000       0.000       0.000       0.000       0.000   soyb            soyb_cmz_02_intense_dry_3877         0.000
    17     1    17  2000       1 2127801  2127801.0              0.000       0.000       0.000       0.000       0.000       0.000       0.000       0.000       0.000       0.000       0.000       0.000   soyb            soyb_cmz_02_intense_dry_3877         0.000
    18     1    18  2000       1 2127801  2127801.0              0.000       0.000       0.000       0.000       0.000       0.000       0.000       0.000       0.000       0.000       0.000       0.000   soyb            soyb_cmz_02_intense_dry_3877         0.000
    19     1    19  2000       1 2127801  2127801.0              0.000       0.000       0.000       0.000       0.000       0.000       0.000       0.000       0.000       0.000       0.000       0.000   soyb            soyb_cmz_02_intense_dry_3877         0.000
    20     1    20  2000       1 2127801  2127801.0              0.000       0.000       0.000       0.000       0.000       0.000       0.000       0.000       0.000       0.000       0.000       0.000   soyb            soyb_cmz_02_intense_dry_3877         0.000
    21     1    21  2000       1 2127801  2127801.0              0.000       0.000       0.000       0.000       0.000       0.000       0.000       0.000       0.000       0.000       0.000       0.000   soyb            soyb_cmz_02_intense_dry_3877         0.000
    22     1    22  2000       1 2127801  2127801.0              0.000       0.000       0.000       0.000       0.000       0.000       0.000       0.000       0.000       0.000       0.000       0.000   soyb            soyb_cmz_02_intense_dry_3877         0.000
    23     1    23  2000       1 2127801  2127801.0              0.000       0.000       0.000       0.000       0.000       0.000       0.000       0.000       0.000       0.000       0.000       0.000   soyb            soyb_cmz_02_intense_dry_3877         0.000
    24     1    24  2000       1 2127801  2127801.0              0.000       0.000       0.000       0.000       0.000       0.000       0.000       0.000       0.000       0.000       0.000       0.000   soyb            soyb_cmz_02_intense_dry_3877         0.000
    25     1    25  2000       1 2127801  2127801.0              0.000       0.000       0.000       0.000       0.000       0.000       0.000       0.000       0.000       0.000       0.000       0.000   soyb            soyb_cmz_02_intense_dry_3877         0.000
    26     1    26  2000       1 2127801  2127801.0              0.000       0.000       0.000       0.000       0.000       0.000       0.000       0.000       0.000       0.000       0.000       0.000   soyb            soyb_cmz_02_intense_dry_3877         0.000
    27     1    27  2000       1 2127801  2127801.0              0.000       0.000       0.000       0.000       0.000       0.000       0.000       0.000       0.000       0.000       0.000       0.000   soyb            soyb_cmz_02_intense_dry_3877         0.000
    28     1    28  2000       1 2127801  2127801.0              0.000       0.000       0.000       0.000       0.000       0.000       0.000       0.000       0.000       0.000       0.000       0.000   soyb            soyb_cmz_02_intense_dry_3877         0.000
    29     1    29  2000       1 2127801  2127801.0              0.000       0.000       0.000       0.000       0.000       0.000       0.000       0.000       0.000       0.000       0.000       0.000   soyb            soyb_cmz_02_intense_dry_3877         0.000
    30     1    30  2000       1 2127801  2127801.0              0.000       0.000       0.000       0.000       0.000       0.000       0.000       0.000       0.000       0.000       0.000       0.000   soyb            soyb_cmz_02_intense_dry_3877         0.000
    31     1    31  2000       1 2127801  2127801.0              0.000       0.000       0.000       0.000       0.000       0.000       0.000       0.000       0.000       0.000       0.000       0.000   soyb            soyb_cmz_02_intense_dry_3877         0.000
    32     2     1  2000       1 2127801  2127801.0              0.000       0.000       0.000       0.000       0.000       0.000       0.000       0.000       0.000       0.000       0.000       0.000   soyb            soyb_cmz_02_intense_dry_3877         0.000
    33     2     2  2000       1 2127801  2127801.0              0.000       0.000       0.000       0.000       0.000       0.000       0.000       0.000       0.000       0.000       0.000       0.000   soyb            soyb_cmz_02_intense_dry_3877         0.000
    34     2     3  2000       1 2127801  2127801.0              0.000       0.000       0.000       0.000       0.000       0.000       0.000       0.000       0.000       0.000       0.000       0.000   soyb            soyb_cmz_02_intense_dry_3877         0.000
    35     2     4  2000       1 2127801  2127801.0              0.000       0.000       0.000       0.000       0.000       0.000       0.000       0.000       0.000       0.000       0.000       0.000   soyb            soyb_cmz_02_intense_dry_3877         0.000
    36     2     5  2000       1 2127801  2127801.0              0.000       0.000       0.000       0.000       0.000       0.000       0.000       0.000       0.000       0.000       0.000       0.000   soyb            soyb_cmz_02_intense_dry_3877         0.000
    37     2     6  2000       1 2127801  2127801.0              0.000       0.000       0.000       0.000       0.000       0.000       0.000       0.000       0.000       0.000       0.000       0.000   soyb            soyb_cmz_02_intense_dry_3877         0.000
    38     2     7  2000       1 2127801  2127801.0              0.000       0.000       0.000       0.000       0.000       0.000       0.000       0.000       0.000       0.000       0.000       0.000   soyb            soyb_cmz_02_intense_dry_3877         0.000
    39     2     8  2000       1 2127801  2127801.0              0.000       0.000       0.000       0.000       0.000       0.000       0.000       0.000       0.000       0.000       0.000       0.000   soyb            soyb_cmz_02_intense_dry_3877         0.000
    40     2     9  2000       1 2127801  2127801.0              0.000       0.000       0.000       0.000       0.000       0.000       0.000       0.000       0.000       0.000       0.000       0.000   soyb            soyb_cmz_02_intense_dry_3877         0.000
    41     2    10  2000       1 2127801  2127801.0              0.000       0.000       0.000       0.000       0.000       0.000       0.000       0.000       0.000       0.000       0.000       0.000   soyb            soyb_cmz_02_intense_dry_3877         0.000
    42     2    11  2000       1 2127801  2127801.0              0.000       0.000       0.000       0.000       0.000       0.000       0.000       0.000       0.000       0.000       0.000       0.000   soyb            soyb_cmz_02_intense_dry_3877         0.000
    43     2    12  2000       1 2127801  2127801.0              0.000       0.000       0.000       0.000       0.000       0.000       0.000       0.000       0.000       0.000       0.000       0.000   soyb            soyb_cmz_02_intense_dry_3877         0.000
    44     2    13  2000       1 2127801  2127801.0              0.000       0.000       0.000       0.000       0.000       0.000       0.000       0.000       0.000       0.000       0.000       0.000   soyb            soyb_cmz_02_intense_dry_3877         0.000
    45     2    14  2000       1 2127801  2127801.0              0.000       0.000       0.000       0.000       0.000       0.000       0.000       0.000       0.000       0.000       0.000       0.000   soyb            soyb_cmz_02_intense_dry_3877         0.000
    46     2    15  2000       1 2127801  2127801.0              0.000       0.000       0.000       0.000       0.000       0.000       0.000       0.000       0.000       0.000       0.000       0.000   soyb            soyb_cmz_02_intense_dry_3877         0.000
    47     2    16  2000       1 2127801  2127801.0              0.000       0.000       0.000       0.000       0.000       0.000       0.000       0.000       0.000       0.000       0.000       0.000   soyb            soyb_cmz_02_intense_dry_3877         0.000
    48     2    17  2000       1 2127801  2127801.0              0.000       0.000       0.000       0.000       0.000       0.000       0.000       0.000       0.000       0.000       0.000       0.000   soyb            soyb_cmz_02_intense_dry_3877         0.000
    49     2    18  2000       1 2127801  2127801.0              0.000       0.000       0.000       0.000       0.000       0.000       0.000       0.000       0.000       0.000       0.000       0.000   soyb            soyb_cmz_02_intense_dry_3877         0.000
    50     2    19  2000       1 2127801  2127801.0              0.000       0.000       0.000       0.000       0.000       0.000       0.000       0.000       0.000       0.000       0.000       0.000   soyb            soyb_cmz_02_intense_dry_3877         0.000
    51     2    20  2000       1 2127801  2127801.0              0.000       0.000       0.000       0.000       0.000       0.000       0.000       0.000       0.000       0.000       0.000       0.000   soyb            soyb_cmz_02_intense_dry_3877         0.000
    52     2    21  2000       1 2127801  2127801.0              0.000       0.000       0.000       0.000       0.000       0.000       0.000       0.000       0.000       0.000       0.000       0.000   soyb            soyb_cmz_02_intense_dry_3877         0.000
    53     2    22  2000       1 2127801  2127801.0              0.000       0.001       0.000       0.006       0.000       0.000       0.000       0.000       0.000       0.000       0.000       0.000   soyb            soyb_cmz_02_intense_dry_3877         0.000
    54     2    23  2000       1 2127801  2127801.0              0.000       0.000       0.000       0.001       0.000       0.000       0.000       0.000       0.000       0.000       0.000       0.000   soyb            soyb_cmz_02_intense_dry_3877         0.000
    55     2    24  2000       1 2127801  2127801.0              0.000       0.000       0.000       0.000       0.000       0.000       0.000       0.000       0.000       0.000       0.000       0.000   soyb            soyb_cmz_02_intense_dry_3877         0.000
    56     2    25  2000       1 2127801  2127801.0              0.000       0.000       0.000       0.000       0.000       0.000       0.000       0.000       0.000       0.000       0.000       0.000   soyb            soyb_cmz_02_intense_dry_3877         0.000
    57     2    26  2000       1 2127801  2127801.0              0.000       0.000       0.000       0.000       0.000       0.000       0.000       0.000       0.000       0.000       0.000       0.000   soyb            soyb_cmz_02_intense_dry_3877         0.000
    58     2    27  2000       1 2127801  2127801.0              0.000       0.000       0.000       0.000       0.000       0.000       0.000       0.000       0.000       0.000       0.000       0.000   soyb            soyb_cmz_02_intense_dry_3877         0.000
    59     2    28  2000       1 2127801  2127801.0              0.000       0.000       0.000       0.000       0.000       0.000       0.000       0.000       0.000       0.000       0.000       0.000   soyb            soyb_cmz_02_intense_dry_3877         0.000
    60     2    29  2000       1 2127801  2127801.0              0.000       0.000       0.000       0.000       0.000       0.000       0.000       0.000       0.000       0.000       0.000       0.000   soyb            soyb_cmz_02_intense_dry_3877         0.000
    61     3     1  2000       1 2127801  2127801.0              0.000       0.000       0.000       0.000       0.000       0.000       0.000       0.000       0.000       0.000       0.000       0.000   soyb            soyb_cmz_02_intense_dry_3877         0.000
    62     3     2  2000       1 2127801  2127801.0              0.000       0.000       0.000       0.000       0.000       0.000       0.000       0.000       0.000       0.000       0.000       0.000   soyb            soyb_cmz_02_intense_dry_3877         0.000
    63     3     3  2000       1 2127801  2127801.0              0.000       0.000       0.000       0.000       0.000       0.000       0.000       0.000       0.000       0.000       0.000       0.000   soyb            soyb_cmz_02_intense_dry_3877         0.000
    64     3     4  2000       1 2127801  2127801.0              0.000       0.000       0.000       0.000       0.000       0.000       0.000       0.000       0.000       0.000       0.000       0.000   soyb            soyb_cmz_02_intense_dry_3877         0.000
    65     3     5  2000       1 2127801  2127801.0              0.000       0.000       0.000       0.000       0.000       0.000       0.000       0.000       0.000       0.000       0.000       0.000   soyb            soyb_cmz_02_intense_dry_3877         0.000
    66     3     6  2000       1 2127801  2127801.0              0.000       0.000       0.000       0.000       0.000       0.000       0.000       0.000       0.000       0.000       0.000       0.000   soyb            soyb_cmz_02_intense_dry_3877         0.000
    67     3     7  2000       1 2127801  2127801.0              0.000       0.000       0.000       0.000       0.000       0.000       0.000       0.000       0.000       0.000       0.000       0.000   soyb            soyb_cmz_02_intense_dry_3877         0.000
    68     3     8  2000       1 2127801  2127801.0              0.000       0.000       0.000       0.000       0.000       0.000       0.000       0.000       0.000       0.000       0.000       0.000   soyb            soyb_cmz_02_intense_dry_3877         0.000
    69     3     9  2000       1 2127801  2127801.0              0.000       0.000       0.000       0.000       0.001       0.000       0.000       0.000       0.000       0.000       0.000       0.000   soyb            soyb_cmz_02_intense_dry_3877         0.000
    70     3    10  2000       1 2127801  2127801.0              0.000       0.000       0.000       0.000       0.000       0.000       0.000       0.000       0.000       0.000       0.000       0.000   soyb            soyb_cmz_02_intense_dry_3877         0.000
    71     3    11  2000       1 2127801  2127801.0              0.000       0.000       0.000       0.000       0.000       0.000       0.000       0.000       0.000       0.000       0.000       0.000   soyb            soyb_cmz_02_intense_dry_3877         0.000
    72     3    12  2000       1 2127801  2127801.0              0.000       0.000       0.000       0.000       0.000       0.000       0.000       0.000       0.000       0.000       0.000       0.000   soyb            soyb_cmz_02_intense_dry_3877         0.000
    73     3    13  2000       1 2127801  2127801.0              0.000       0.000       0.000       0.000       0.000       0.000       0.000       0.000       0.000       0.000       0.000       0.000   soyb            soyb_cmz_02_intense_dry_3877         0.000
    74     3    14  2000       1 2127801  2127801.0              0.000       0.000       0.000       0.000       0.000       0.000       0.000       0.000       0.000       0.000       0.000       0.000   soyb            soyb_cmz_02_intense_dry_3877         0.000
    75     3    15  2000       1 2127801  2127801.0              0.000       0.000       0.000       0.000       0.000       0.000       0.000       0.000       0.000       0.000       0.000       0.000   soyb            soyb_cmz_02_intense_dry_3877         0.000
    76     3    16  2000       1 2127801  2127801.0              0.000       0.000       0.000       0.000       0.000       0.000       0.000       0.000       0.000       0.000       0.000       0.000   soyb            soyb_cmz_02_intense_dry_3877         0.000
    77     3    17  2000       1 2127801  2127801.0              0.000       0.000       0.000       0.000       0.000       0.000       0.000       0.000       0.000       0.000       0.000       0.000   soyb            soyb_cmz_02_intense_dry_3877         0.000
    78     3    18  2000       1 2127801  2127801.0              0.000       0.000       0.000       0.000       0.000       0.000       0.000       0.000       0.000       0.000       0.000       0.000   soyb            soyb_cmz_02_intense_dry_3877         0.000
    79     3    19  2000       1 2127801  2127801.0              0.000       0.001       0.000       0.002       0.000       0.000       0.000       0.000       0.000       0.000       0.000       0.000   soyb            soyb_cmz_02_intense_dry_3877         0.000
    80     3    20  2000       1 2127801  2127801.0              0.000       0.001       0.000       0.000       0.000       0.000       0.000       0.000       0.000       0.000       0.000       0.000   soyb            soyb_cmz_02_intense_dry_3877         0.000
    81     3    21  2000       1 2127801  2127801.0              0.000       0.000       0.000       0.000       0.000       0.000       0.000       0.000       0.000       0.000       0.000       0.000   soyb            soyb_cmz_02_intense_dry_3877         0.000
    82     3    22  2000       1 2127801  2127801.0              0.000       0.000       0.000       0.000       0.000       0.000       0.000       0.000       0.000       0.000       0.000       0.000   soyb            soyb_cmz_02_intense_dry_3877         0.000
    83     3    23  2000       1 2127801  2127801.0              0.000       0.000       0.000       0.000       0.000       0.000       0.000       0.000       0.000       0.000       0.000       0.000   soyb            soyb_cmz_02_intense_dry_3877         0.000
    84     3    24  2000       1 2127801  2127801.0              0.004       0.015       0.002       0.023       0.000       0.001       0.000       0.001       0.000       0.000       0.000       0.000   soyb            soyb_cmz_02_intense_dry_3877         0.000
    85     3    25  2000       1 2127801  2127801.0              0.000       0.006       0.001       0.002       0.001       0.000       0.000       0.001       0.000       0.000       0.000       0.000   soyb            soyb_cmz_02_intense_dry_3877         0.000
    86     3    26  2000       1 2127801  2127801.0              0.000       0.000       0.000       0.000       0.000       0.000       0.000       0.000       0.000       0.000       0.000       0.000   soyb            soyb_cmz_02_intense_dry_3877         0.000
    87     3    27  2000       1 2127801  2127801.0              0.000       0.000       0.000       0.000       0.000       0.000       0.000       0.000       0.000       0.000       0.000       0.000   soyb            soyb_cmz_02_intense_dry_3877         0.000
    88     3    28  2000       1 2127801  2127801.0              0.000       0.000       0.000       0.000       0.000       0.000       0.000       0.000       0.000       0.000       0.000       0.000   soyb            soyb_cmz_02_intense_dry_3877         0.000
    89     3    29  2000       1 2127801  2127801.0              0.000       0.000       0.000       0.000       0.000       0.000       0.000       0.000       0.000       0.000       0.000       0.000   soyb            soyb_cmz_02_intense_dry_3877         0.000
    90     3    30  2000       1 2127801  2127801.0              0.000       0.000       0.000       0.000       0.000       0.000       0.000       0.000       0.000       0.000       0.000       0.000   soyb            soyb_cmz_02_intense_dry_3877         0.000
    91     3    31  2000       1 2127801  2127801.0              0.000       0.000       0.000       0.000       0.000       0.000       0.000       0.000       0.000       0.000       0.000       0.000   soyb            soyb_cmz_02_intense_dry_3877         0.000
    92     4     1  2000       1 2127801  2127801.0              0.000       0.000       0.000       0.000       0.000       0.000       0.000       0.000       0.000       0.000       0.000       0.000   soyb            soyb_cmz_02_intense_dry_3877         0.000
    93     4     2  2000       1 2127801  2127801.0              0.000       0.000       0.000       0.000       0.000       0.000       0.000       0.000       0.000       0.000       0.000       0.000   soyb            soyb_cmz_02_intense_dry_3877         0.000
    94     4     3  2000       1 2127801  2127801.0              0.000       0.000       0.000       0.000       0.001       0.000       0.000       0.000       0.000       0.000       0.000       0.000   soyb            soyb_cmz_02_intense_dry_3877         0.000
    95     4     4  2000       1 2127801  2127801.0              0.000       0.000       0.000       0.000       0.000       0.000       0.000       0.000       0.000       0.000       0.000       0.000   soyb            soyb_cmz_02_intense_dry_3877         0.000
    96     4     5  2000       1 2127801  2127801.0              0.000       0.000       0.000       0.000       0.000       0.000       0.000       0.000       0.000       0.000       0.000       0.000   soyb            soyb_cmz_02_intense_dry_3877         0.000
    97     4     6  2000       1 2127801  2127801.0              0.000       0.000       0.000       0.000       0.001       0.000       0.000       0.000       0.000       0.000       0.000       0.000   soyb            soyb_cmz_02_intense_dry_3877         0.000
    98     4     7  2000       1 2127801  2127801.0              0.000       0.000       0.000       0.000       0.000       0.000       0.000       0.000       0.000       0.000       0.000       0.000   soyb            soyb_cmz_02_intense_dry_3877         0.000
    99     4     8  2000       1 2127801  2127801.0              0.000       0.000       0.000       0.000       0.000       0.000       0.000       0.000       0.000       0.000       0.000       0.000   soyb            soyb_cmz_02_intense_dry_3877         0.000
   100     4     9  2000       1 2127801  2127801.0              0.000       0.000       0.000       0.000       0.000       0.000       0.000       0.000       0.000       0.000       0.000       0.000   soyb            soyb_cmz_02_intense_dry_3877         0.000
   101     4    10  2000       1 2127801  2127801.0              0.000       0.000       0.000       0.000       0.000       0.000       0.000       0.000       0.000       0.000       0.000       0.000   soyb            soyb_cmz_02_intense_dry_3877         0.000
   102     4    11  2000       1 2127801  2127801.0              0.000       0.000       0.000       0.000       0.000       0.000       0.000       0.000       0.000       0.000       0.000       0.000   soyb            soyb_cmz_02_intense_dry_3877         0.000
   103     4    12  2000       1 2127801  2127801.0              0.000       0.000       0.000       0.000       0.000       0.000       0.000       0.000       0.000       0.000       0.000       0.000   soyb            soyb_cmz_02_intense_dry_3877         0.000
   104     4    13  2000       1 2127801  2127801.0              0.000       0.002       0.000       0.010       0.000       0.000       0.000       0.000       0.000       0.000       0.000       0.000   soyb            soyb_cmz_02_intense_dry_3877         0.000
   105     4    14  2000       1 2127801  2127801.0              0.000       0.000       0.000       0.001       0.000       0.000       0.000       0.000       0.000       0.000       0.000       0.000   soyb            soyb_cmz_02_intense_dry_3877         0.000
   106     4    15  2000       1 2127801  2127801.0              0.000       0.000       0.000       0.000       0.000       0.000       0.000       0.000       0.000       0.000       0.000       0.000   soyb            soyb_cmz_02_intense_dry_3877         0.000
   107     4    16  2000       1 2127801  2127801.0              0.000       0.000       0.000       0.002       0.000       0.000       0.000       0.000       0.000       0.000       0.000       0.000   soyb            soyb_cmz_02_intense_dry_3877         0.000
   108     4    17  2000       1 2127801  2127801.0              0.000       0.000       0.000       0.000       0.000       0.000       0.000       0.000       0.000       0.000       0.000       0.000   soyb            soyb_cmz_02_intense_dry_3877         0.000
   109     4    18  2000       1 2127801  2127801.0              0.000       0.000       0.000       0.000       0.000       0.000       0.000       0.000       0.000       0.000       0.000       0.000   soyb            soyb_cmz_02_intense_dry_3877         0.000
   110     4    19  2000       1 2127801  2127801.0              0.000       0.000       0.000       0.000       0.000       0.000       0.000       0.000       0.000       0.000       0.000       0.000   soyb            soyb_cmz_02_intense_dry_3877         0.000
   111     4    20  2000       1 2127801  2127801.0              0.000       0.000       0.000       0.000       0.000       0.000       0.000       0.000       0.000       0.000       0.000       0.000   soyb            soyb_cmz_02_intense_dry_3877         0.000
   112     4    21  2000       1 2127801  2127801.0              0.000       0.000       0.000       0.000       0.000       0.000       0.000       0.000       0.000       0.000       0.000       0.000   soyb            soyb_cmz_02_intense_dry_3877         0.000
   113     4    22  2000       1 2127801  2127801.0              0.000       0.000       0.000       0.000       0.000       0.000       0.000       0.000       0.000       0.000       0.000       0.000   soyb            soyb_cmz_02_intense_dry_3877         0.000
   114     4    23  2000       1 2127801  2127801.0              0.000       0.000       0.000       0.000       0.000       0.000       0.000       0.000       0.000       0.000       0.000       0.000   soyb            soyb_cmz_02_intense_dry_3877         0.000
   115     4    24  2000       1 2127801  2127801.0              0.000       0.000       0.000       0.000       0.000       0.000       0.000       0.000       0.000       0.000       0.000       0.000   soyb            soyb_cmz_02_intense_dry_3877         0.000
   116     4    25  2000       1 2127801  2127801.0              0.000       0.000       0.000       0.000       0.000       0.000       0.000       0.000       0.000       0.000       0.000       0.000   soyb            soyb_cmz_02_intense_dry_3877         0.000
   117     4    26  2000       1 2127801  2127801.0              0.000       0.000       0.000       0.000       0.000       0.000       0.000       0.000       0.000       0.000       0.000       0.000   soyb            soyb_cmz_02_intense_dry_3877         0.000
   118     4    27  2000       1 2127801  2127801.0              0.000       0.000       0.000       0.000       0.000       0.000       0.000       0.000       0.000       0.000       0.000       0.000   soyb            soyb_cmz_02_intense_dry_3877         0.000
   119     4    28  2000       1 2127801  2127801.0              0.000       0.000       0.000       0.000       0.000       0.000       0.000       0.000       0.000       0.000       0.000       0.000   soyb            soyb_cmz_02_intense_dry_3877         0.000
   120     4    29  2000       1 2127801  2127801.0              0.000       0.000       0.000       0.000       0.000       0.000       0.000       0.000       0.000       0.000       0.000       0.000   soyb            soyb_cmz_02_intense_dry_3877         0.000
   121     4    30  2000       1 2127801  2127801.0              0.000       0.000       0.000       0.000       0.000       0.000       0.000       0.000       0.000       0.000       0.000       0.000   soyb            soyb_cmz_02_intense_dry_3877         0.000
   122     5     1  2000       1 2127801  2127801.0              0.000       0.000       0.000       0.000       0.000       0.000       0.000       0.000       0.000       0.000       0.000       0.000   soyb            soyb_cmz_02_intense_dry_3877         0.000
   123     5     2  2000       1 2127801  2127801.0              0.000       0.000       0.000       0.000       0.000       0.000       0.000       0.000       0.000       0.000       0.000       0.000   soyb            soyb_cmz_02_intense_dry_3877         0.000
   124     5     3  2000       1 2127801  2127801.0              0.000       0.000       0.000       0.000       0.000       0.000       0.000       0.000       0.000       0.000       0.000       0.000   soyb            soyb_cmz_02_intense_dry_3877         0.000
   125     5     4  2000       1 2127801  2127801.0              0.000       0.000       0.000       0.000       0.000       0.000       0.000       0.000       0.000       0.000       0.000       0.000   soyb            soyb_cmz_02_intense_dry_3877         0.000
   126     5     5  2000       1 2127801  2127801.0              0.000       0.000       0.000       0.000       0.000       0.000       0.000       0.000       0.000       0.000       0.000       0.000   soyb            soyb_cmz_02_intense_dry_3877         0.000
   127     5     6  2000       1 2127801  2127801.0              0.000       0.000       0.000       0.000       0.000       0.000       0.000       0.000       0.000       0.000       0.000       0.000   soyb            soyb_cmz_02_intense_dry_3877         0.000
   128     5     7  2000       1 2127801  2127801.0              0.000       0.000       0.000       0.000       0.000       0.000       0.000       0.000       0.000       0.000       0.000       0.000   soyb            soyb_cmz_02_intense_dry_3877         0.000
   129     5     8  2000       1 2127801  2127801.0              0.000       0.000       0.000       0.000       0.003       0.000       0.000       0.000       0.000       0.000       0.000       0.000   soyb            soyb_cmz_02_intense_dry_3877         0.000
   130     5     9  2000       1 2127801  2127801.0              0.000       0.000       0.000       0.000       0.001       0.000       0.000       0.000       0.000       0.000       0.000       0.000   soyb            soyb_cmz_02_intense_dry_3877         0.000
   131     5    10  2000       1 2127801  2127801.0              0.000       0.000       0.000       0.000       0.000       0.000       0.000       0.000       0.000       0.000       0.000       0.000   soyb            soyb_cmz_02_intense_dry_3877         0.000
   132     5    11  2000       1 2127801  2127801.0              0.000       0.000       0.000       0.000       0.000       0.000       0.000       0.000       0.000       0.000       0.000       0.000   soyb            soyb_cmz_02_intense_dry_3877         0.000
   133     5    12  2000       1 2127801  2127801.0              0.000       0.000       0.000       0.000       0.001       0.000       0.000       0.000       0.000       0.000       0.000       0.000   soyb            soyb_cmz_02_intense_dry_3877         0.000
   134     5    13  2000       1 2127801  2127801.0              0.000       0.000       0.000       0.000       0.001       0.000       0.000       0.000       0.000       0.000       0.000       0.000   soyb            soyb_cmz_02_intense_dry_3877         0.000
   135     5    14  2000       1 2127801  2127801.0              0.000       0.000       0.000       0.000       0.000       0.000       0.000       0.000       0.000       0.000       0.000       0.000   soyb            soyb_cmz_02_intense_dry_3877         0.000
   136     5    15  2000       1 2127801  2127801.0              0.000       0.000       0.000       0.000       0.000       0.000       0.000       0.000       0.000       0.000       0.000       0.000   soyb            soyb_cmz_02_intense_dry_3877         0.000
   137     5    16  2000       1 2127801  2127801.0              0.000       0.000       0.000       0.000       0.000       0.000       0.000       0.000       0.000       0.000       0.000       0.000   soyb            soyb_cmz_02_intense_dry_3877         0.000
   138     5    17  2000       1 2127801  2127801.0              0.000       0.000       0.000       0.000       0.000       0.000       0.000       0.000       0.000       0.000       0.000       0.000   soyb            soyb_cmz_02_intense_dry_3877         0.000
   139     5    18  2000       1 2127801  2127801.0              0.000       0.000       0.000       0.000       0.000       0.000       0.000       0.000       0.000       0.000       0.000       0.000   soyb            soyb_cmz_02_intense_dry_3877         0.000
   140     5    19  2000       1 2127801  2127801.0              0.000       0.000       0.000       0.000       0.000       0.000       0.000       0.000       0.000       0.000       0.000       0.000   soyb            soyb_cmz_02_intense_dry_3877         0.000
   141     5    20  2000       1 2127801  2127801.0              0.000       0.000       0.000       0.000       0.000       0.000       0.000       0.000       0.000       0.000       0.000       0.000   soyb            soyb_cmz_02_intense_dry_3877         0.000
   142     5    21  2000       1 2127801  2127801.0              0.000       0.000       0.000       0.000       0.000       0.000       0.000       0.000       0.000       0.000       0.000       0.000   soyb            soyb_cmz_02_intense_dry_3877         0.000
   143     5    22  2000       1 2127801  2127801.0              0.000       0.000       0.000       0.000       0.000       0.000       0.000       0.000       0.000       0.000       0.000       0.000   soyb            soyb_cmz_02_intense_dry_3877         0.000
   144     5    23  2000       1 2127801  2127801.0              0.000       0.000       0.000       0.000       0.000       0.000       0.000       0.000       0.000       0.000       0.000       0.000   soyb            soyb_cmz_02_intense_dry_3877         0.000
   145     5    24  2000       1 2127801  2127801.0              0.000       0.000       0.000       0.000       0.000       0.000       0.000       0.000       0.000       0.000       0.000       0.000   soyb            soyb_cmz_02_intense_dry_3877         0.000
   146     5    25  2000       1 2127801  2127801.0              0.000       0.000       0.000       0.000       0.000       0.000       0.000       0.000       0.000       0.000       0.000       0.000   soyb            soyb_cmz_02_intense_dry_3877         0.000
   147     5    26  2000       1 2127801  2127801.0              0.000       0.000       0.000       0.000       0.000       0.000       0.000       0.000       0.000       0.000       0.000       0.000   soyb            soyb_cmz_02_intense_dry_3877         0.000
   148     5    27  2000       1 2127801  2127801.0              0.000       0.000       0.000       0.000       0.000       0.000       0.000       0.000       0.000       0.000       0.000       0.000   soyb            soyb_cmz_02_intense_dry_3877         0.000
   149     5    28  2000       1 2127801  2127801.0              0.000       0.000       0.000       0.000       0.000       0.000       0.000       0.000       0.000       0.000       0.000       0.000   soyb            soyb_cmz_02_intense_dry_3877         0.000
   150     5    29  2000       1 2127801  2127801.0              0.000       0.000       0.000       0.000       0.000       0.000       0.000       0.000       0.000       0.000       0.000       0.000   soyb            soyb_cmz_02_intense_dry_3877         0.000
   151     5    30  2000       1 2127801  2127801.0              0.000       0.000       0.000       0.000       0.003       0.000       0.000       0.000       0.000       0.000       0.000       0.000   soyb            soyb_cmz_02_intense_dry_3877         0.000
   152     5    31  2000       1 2127801  2127801.0              0.000       0.000       0.000       0.000       0.001       0.000       0.000       0.000       0.000       0.000       0.000       0.000   soyb            soyb_cmz_02_intense_dry_3877         0.000
   153     6     1  2000       1 2127801  2127801.0              0.000       0.000       0.000       0.000       0.001       0.000       0.000       0.000       0.000       0.000       0.000       0.000   soyb            soyb_cmz_02_intense_dry_3877         0.000
   154     6     2  2000       1 2127801  2127801.0              0.000       0.000       0.000       0.000       0.000       0.000       0.000       0.000       0.000       0.000       0.000       0.000   soyb            soyb_cmz_02_intense_dry_3877         0.000
   155     6     3  2000       1 2127801  2127801.0              0.000       0.000       0.000       0.000       0.000       0.000       0.000       0.000       0.000       0.000       0.000       0.000   soyb            soyb_cmz_02_intense_dry_3877         0.000
   156     6     4  2000       1 2127801  2127801.0              0.000       0.000       0.000       0.000       0.000       0.000       0.000       0.000       0.000       0.000       0.000       0.000   soyb            soyb_cmz_02_intense_dry_3877         0.000
   157     6     5  2000       1 2127801  2127801.0              0.000       0.000       0.000       0.000       0.000       0.000       0.000       0.000       0.000       0.000       0.000       0.000   soyb            soyb_cmz_02_intense_dry_3877         0.000
   158     6     6  2000       1 2127801  2127801.0              0.000       0.000       0.000       0.000       0.000       0.000       0.000       0.000       0.000       0.000       0.000       0.000   soyb            soyb_cmz_02_intense_dry_3877         0.000
   159     6     7  2000       1 2127801  2127801.0              0.000       0.000       0.000       0.000       0.000       0.000       0.000       0.000       0.000       0.000       0.000       0.000   soyb            soyb_cmz_02_intense_dry_3877         0.000
   160     6     8  2000       1 2127801  2127801.0              0.000       0.000       0.000       0.000       0.000       0.000       0.000       0.000       0.000       0.000       0.000       0.000   soyb            soyb_cmz_02_intense_dry_3877         0.000
   161     6     9  2000       1 2127801  2127801.0              0.000       0.000       0.000       0.000       0.000       0.000       0.000       0.000       0.000       0.000       0.000       0.000   soyb            soyb_cmz_02_intense_dry_3877         0.000
   162     6    10  2000       1 2127801  2127801.0              0.000       0.000       0.000       0.000       0.000       0.000       0.000       0.000       0.000       0.000       0.000       0.000   soyb            soyb_cmz_02_intense_dry_3877         0.000
   163     6    11  2000       1 2127801  2127801.0              0.000       0.000       0.000       0.000       0.000       0.000       0.000       0.000       0.000       0.000       0.000       0.000   soyb            soyb_cmz_02_intense_dry_3877         0.000
   164     6    12  2000       1 2127801  2127801.0              0.000       0.000       0.000       0.000       0.000       0.000       0.000       0.000       0.000       0.000       0.000       0.000   soyb            soyb_cmz_02_intense_dry_3877         0.000
   165     6    13  2000       1 2127801  2127801.0              0.000       0.000       0.000       0.000       0.000       0.000       0.000       0.000       0.000       0.000       0.000       0.000   soyb            soyb_cmz_02_intense_dry_3877         0.000
   166     6    14  2000       1 2127801  2127801.0              0.004       0.033       0.004       0.002       0.005       0.002       0.000       0.005       0.000       0.000       0.000       0.000   soyb            soyb_cmz_02_intense_dry_3877         0.000
   167     6    15  2000       1 2127801  2127801.0              0.000       0.000       0.000       0.000       0.006       0.000       0.000       0.000       0.000       0.000       0.000       0.000   soyb            soyb_cmz_02_intense_dry_3877         0.000
   168     6    16  2000       1 2127801  2127801.0              0.000       0.001       0.000       0.000       0.005       0.000       0.000       0.000       0.000       0.000       0.000       0.000   soyb            soyb_cmz_02_intense_dry_3877         0.000
   169     6    17  2000       1 2127801  2127801.0              0.000       0.001       0.000       0.000       0.002       0.000       0.000       0.000       0.000       0.000       0.000       0.000   soyb            soyb_cmz_02_intense_dry_3877         0.000
   170     6    18  2000       1 2127801  2127801.0              0.000       0.000       0.000       0.000       0.002       0.000       0.000       0.000       0.000       0.000       0.000       0.000   soyb            soyb_cmz_02_intense_dry_3877         0.000
   171     6    19  2000       1 2127801  2127801.0              0.011       0.093       0.011       0.001       0.006       0.004       0.000       0.013       0.000       0.000       0.000       0.000   soyb            soyb_cmz_02_intense_dry_3877         0.000
   172     6    20  2000       1 2127801  2127801.0              1.380      11.431       1.392       0.006       0.012       0.105       0.000       1.650       0.000       0.000       0.000       0.000   soyb            soyb_cmz_02_intense_dry_3877         0.000
   173     6    21  2000       1 2127801  2127801.0              0.000       0.000       0.000       0.000       0.006       0.003       0.000       0.000       0.000       0.022       0.000       0.000   soyb            soyb_cmz_02_intense_dry_3877         1.306
   174     6    22  2000       1 2127801  2127801.0              0.012       0.099       0.012       0.000       0.006       0.004       0.000       0.014       0.000       0.030       0.000       0.000   soyb            soyb_cmz_02_intense_dry_3877         4.307
   175     6    23  2000       1 2127801  2127801.0              0.000       0.035       0.004       0.000       0.002       0.000       0.000       0.005       0.000       0.000       0.000       0.000   soyb            soyb_cmz_02_intense_dry_3877         0.003
   176     6    24  2000       1 2127801  2127801.0              0.000       0.002       0.000       0.000       0.001       0.000       0.000       0.000       0.000       0.000       0.000       0.000   soyb            soyb_cmz_02_intense_dry_3877         0.000
   177     6    25  2000       1 2127801  2127801.0              0.000       0.000       0.000       0.000       0.000       0.000       0.000       0.000       0.000       0.000       0.000       0.000   soyb            soyb_cmz_02_intense_dry_3877         0.000
   178     6    26  2000       1 2127801  2127801.0              0.000       0.000       0.000       0.000       0.000       0.000       0.000       0.000       0.000       0.000       0.000       0.000   soyb            soyb_cmz_02_intense_dry_3877         0.000
   179     6    27  2000       1 2127801  2127801.0              0.000       0.000       0.000       0.000       0.000       0.000       0.000       0.000       0.000       0.000       0.000       0.000   soyb            soyb_cmz_02_intense_dry_3877         0.000
   180     6    28  2000       1 2127801  2127801.0              0.000       0.000       0.000       0.000       0.000       0.000       0.000       0.000       0.000       0.000       0.000       0.000   soyb            soyb_cmz_02_intense_dry_3877         0.000
   181     6    29  2000       1 2127801  2127801.0              0.000       0.000       0.000       0.000       0.000       0.000       0.000       0.000       0.000       0.000       0.000       0.000   soyb            soyb_cmz_02_intense_dry_3877         0.000
   182     6    30  2000       1 2127801  2127801.0              0.000       0.000       0.000       0.000       0.000       0.000       0.000       0.000       0.000       0.000       0.000       0.000   soyb            soyb_cmz_02_intense_dry_3877         0.000
   183     7     1  2000       1 2127801  2127801.0              0.000       0.000       0.000       0.000       0.000       0.000       0.000       0.000       0.000       0.000       0.000       0.000   soyb            soyb_cmz_02_intense_dry_3877         0.000
   184     7     2  2000       1 2127801  2127801.0              0.000       0.000       0.000       0.000       0.000       0.000       0.000       0.000       0.000       0.000       0.000       0.000   soyb            soyb_cmz_02_intense_dry_3877         0.000
   185     7     3  2000       1 2127801  2127801.0              0.000       0.000       0.000       0.000       0.000       0.000       0.000       0.000       0.000       0.000       0.000       0.000   soyb            soyb_cmz_02_intense_dry_3877         0.000
   186     7     4  2000       1 2127801  2127801.0              0.000       0.000       0.000       0.000       0.000       0.000       0.000       0.000       0.000       0.000       0.000       0.000   soyb            soyb_cmz_02_intense_dry_3877         0.000
   187     7     5  2000       1 2127801  2127801.0              0.001       0.011       0.001       0.000       0.000       0.001       0.000       0.002       0.000       0.000       0.000       0.000   soyb            soyb_cmz_02_intense_dry_3877         0.000
   188     7     6  2000       1 2127801  2127801.0              0.000       0.006       0.001       0.000       0.000       0.000       0.000       0.001       0.000       0.000       0.000       0.000   soyb            soyb_cmz_02_intense_dry_3877         0.000
   189     7     7  2000       1 2127801  2127801.0              0.000       0.000       0.000       0.000       0.000       0.000       0.000       0.000       0.000       0.000       0.000       0.000   soyb            soyb_cmz_02_intense_dry_3877         0.000
   190     7     8  2000       1 2127801  2127801.0              0.000       0.000       0.000       0.000       0.000       0.000       0.000       0.000       0.000       0.000       0.000       0.000   soyb            soyb_cmz_02_intense_dry_3877         0.000
   191     7     9  2000       1 2127801  2127801.0              0.000       0.000       0.000       0.000       0.000       0.000       0.000       0.000       0.000       0.000       0.000       0.000   soyb            soyb_cmz_02_intense_dry_3877         0.000
   192     7    10  2000       1 2127801  2127801.0              0.000       0.000       0.000       0.000       0.000       0.000       0.000       0.000       0.000       0.000       0.000       0.000   soyb            soyb_cmz_02_intense_dry_3877         0.000
   193     7    11  2000       1 2127801  2127801.0              0.000       0.000       0.000       0.000       0.000       0.000       0.000       0.000       0.000       0.000       0.000       0.000   soyb            soyb_cmz_02_intense_dry_3877         0.000
   194     7    12  2000       1 2127801  2127801.0              0.000       0.000       0.000       0.000       0.000       0.000       0.000       0.000       0.000       0.000       0.000       0.000   soyb            soyb_cmz_02_intense_dry_3877         0.000
   195     7    13  2000       1 2127801  2127801.0              0.000       0.000       0.000       0.000       0.000       0.000       0.000       0.000       0.000       0.000       0.000       0.000   soyb            soyb_cmz_02_intense_dry_3877         0.000
   196     7    14  2000       1 2127801  2127801.0              0.000       0.000       0.000       0.000       0.000       0.000       0.000       0.000       0.000       0.000       0.000       0.000   soyb            soyb_cmz_02_intense_dry_3877         0.000
   197     7    15  2000       1 2127801  2127801.0              0.000       0.000       0.000       0.000       0.000       0.000       0.000       0.000       0.000       0.000       0.000       0.000   soyb            soyb_cmz_02_intense_dry_3877         0.000
   198     7    16  2000       1 2127801  2127801.0              0.000       0.000       0.000       0.000       0.000       0.000       0.000       0.000       0.000       0.000       0.000       0.000   soyb            soyb_cmz_02_intense_dry_3877         0.000
   199     7    17  2000       1 2127801  2127801.0              0.000       0.000       0.000       0.000       0.000       0.000       0.000       0.000       0.000       0.000       0.000       0.000   soyb            soyb_cmz_02_intense_dry_3877         0.000
   200     7    18  2000       1 2127801  2127801.0              0.000       0.000       0.000       0.000       0.000       0.000       0.000       0.000       0.000       0.000       0.000       0.000   soyb            soyb_cmz_02_intense_dry_3877         0.000
   201     7    19  2000       1 2127801  2127801.0              0.000       0.000       0.000       0.000       0.000       0.000       0.000       0.000       0.000       0.000       0.000       0.000   soyb            soyb_cmz_02_intense_dry_3877         0.000
   202     7    20  2000       1 2127801  2127801.0              0.000       0.000       0.000       0.000       0.000       0.000       0.000       0.000       0.000       0.000       0.000       0.000   soyb            soyb_cmz_02_intense_dry_3877         0.000
   203     7    21  2000       1 2127801  2127801.0              0.000       0.000       0.000       0.000       0.000       0.000       0.000       0.000       0.000       0.000       0.000       0.000   soyb            soyb_cmz_02_intense_dry_3877         0.000
   204     7    22  2000       1 2127801  2127801.0              0.000       0.000       0.000       0.000       0.000       0.000       0.000       0.000       0.000       0.000       0.000       0.000   soyb            soyb_cmz_02_intense_dry_3877         0.000
   205     7    23  2000       1 2127801  2127801.0              0.000       0.000       0.000       0.000       0.000       0.000       0.000       0.000       0.000       0.000       0.000       0.000   soyb            soyb_cmz_02_intense_dry_3877         0.000
   206     7    24  2000       1 2127801  2127801.0              0.000       0.000       0.000       0.000       0.000       0.000       0.000       0.000       0.000       0.000       0.000       0.000   soyb            soyb_cmz_02_intense_dry_3877         0.000
   207     7    25  2000       1 2127801  2127801.0              0.000       0.000       0.000       0.000       0.000       0.000       0.000       0.000       0.000       0.000       0.000       0.000   soyb            soyb_cmz_02_intense_dry_3877         0.000
   208     7    26  2000       1 2127801  2127801.0              0.048       0.407       0.049       0.000       0.000       0.019       0.000       0.060       0.000       0.000       0.000       0.000   soyb            soyb_cmz_02_intense_dry_3877         0.000
   209     7    27  2000       1 2127801  2127801.0              0.000       0.068       0.008       0.000       0.000       0.001       0.000       0.010       0.000       0.000       0.000       0.000   soyb            soyb_cmz_02_intense_dry_3877         0.000
   210     7    28  2000       1 2127801  2127801.0              0.000       0.004       0.001       0.000       0.000       0.000       0.000       0.001       0.000       0.000       0.000       0.000   soyb            soyb_cmz_02_intense_dry_3877         0.000
   211     7    29  2000       1 2127801  2127801.0              0.000       0.000       0.000       0.000       0.000       0.000       0.000       0.000       0.000       0.000       0.000       0.000   soyb            soyb_cmz_02_intense_dry_3877         0.000
   212     7    30  2000       1 2127801  2127801.0              0.000       0.000       0.000       0.000       0.000       0.000       0.000       0.000       0.000       0.000       0.000       0.000   soyb            soyb_cmz_02_intense_dry_3877         0.000
   213     7    31  2000       1 2127801  2127801.0              0.000       0.000       0.000       0.000       0.000       0.000       0.000       0.000       0.000       0.000       0.000       0.000   soyb            soyb_cmz_02_intense_dry_3877         0.000
   214     8     1  2000       1 2127801  2127801.0              0.000       0.000       0.000       0.000       0.000       0.000       0.000       0.000       0.000       0.000       0.000       0.000   soyb            soyb_cmz_02_intense_dry_3877         0.000
   215     8     2  2000       1 2127801  2127801.0              0.000       0.000       0.000       0.000       0.000       0.000       0.000       0.000       0.000       0.000       0.000       0.000   soyb            soyb_cmz_02_intense_dry_3877         0.000
   216     8     3  2000       1 2127801  2127801.0              0.000       0.000       0.000       0.000       0.000       0.000       0.000       0.000       0.000       0.000       0.000       0.000   soyb            soyb_cmz_02_intense_dry_3877         0.000
   217     8     4  2000       1 2127801  2127801.0              0.000       0.000       0.000       0.000       0.000       0.000       0.000       0.000       0.000       0.000       0.000       0.000   soyb            soyb_cmz_02_intense_dry_3877         0.000
   218     8     5  2000       1 2127801  2127801.0              0.000       0.000       0.000       0.000       0.000       0.000       0.000       0.000       0.000       0.000       0.000       0.000   soyb            soyb_cmz_02_intense_dry_3877         0.000
   219     8     6  2000       1 2127801  2127801.0              0.000       0.000       0.000       0.000       0.000       0.000       0.000       0.000       0.000       0.000       0.000       0.000   soyb            soyb_cmz_02_intense_dry_3877         0.000
   220     8     7  2000       1 2127801  2127801.0              0.000       0.000       0.000       0.000       0.000       0.000       0.000       0.000       0.000       0.000       0.000       0.000   soyb            soyb_cmz_02_intense_dry_3877         0.000
   221     8     8  2000       1 2127801  2127801.0              0.000       0.000       0.000       0.000       0.000       0.000       0.000       0.000       0.000       0.000       0.000       0.000   soyb            soyb_cmz_02_intense_dry_3877         0.000
   222     8     9  2000       1 2127801  2127801.0              0.000       0.000       0.000       0.000       0.000       0.000       0.000       0.000       0.000       0.000       0.000       0.000   soyb            soyb_cmz_02_intense_dry_3877         0.000
   223     8    10  2000       1 2127801  2127801.0              0.000       0.000       0.000       0.000       0.000       0.000       0.000       0.000       0.000       0.000       0.000       0.000   soyb            soyb_cmz_02_intense_dry_3877         0.000
   224     8    11  2000       1 2127801  2127801.0              0.000       0.000       0.000       0.000       0.000       0.000       0.000       0.000       0.000       0.000       0.000       0.000   soyb            soyb_cmz_02_intense_dry_3877         0.000
   225     8    12  2000       1 2127801  2127801.0              0.000       0.000       0.000       0.000       0.000       0.000       0.000       0.000       0.000       0.000       0.000       0.000   soyb            soyb_cmz_02_intense_dry_3877         0.000
   226     8    13  2000       1 2127801  2127801.0              0.000       0.000       0.000       0.000       0.000       0.000       0.000       0.000       0.000       0.000       0.000       0.000   soyb            soyb_cmz_02_intense_dry_3877         0.000
   227     8    14  2000       1 2127801  2127801.0              0.007       0.063       0.008       0.000       0.000       0.012       0.000       0.009       0.000       0.000       0.000       0.000   soyb            soyb_cmz_02_intense_dry_3877         0.000
   228     8    15  2000       1 2127801  2127801.0              0.068       0.838       0.102       0.000       0.000       0.035       0.000       0.119       0.000       0.024       0.000       0.000   soyb            soyb_cmz_02_intense_dry_3877         0.000
   229     8    16  2000       1 2127801  2127801.0              0.000       0.053       0.006       0.000       0.000       0.002       0.000       0.008       0.000       0.010       0.000       0.000   soyb            soyb_cmz_02_intense_dry_3877         0.000
   230     8    17  2000       1 2127801  2127801.0              0.000       0.000       0.000       0.000       0.000       0.000       0.000       0.000       0.000       0.025       0.000       0.000   soyb            soyb_cmz_02_intense_dry_3877         0.000
   231     8    18  2000       1 2127801  2127801.0              0.000       0.000       0.000       0.000       0.000       0.000       0.000       0.000       0.000       0.000       0.000       0.000   soyb            soyb_cmz_02_intense_dry_3877         0.000
   232     8    19  2000       1 2127801  2127801.0              0.000       0.000       0.000       0.000       0.000       0.000       0.000       0.000       0.000       0.000       0.000       0.000   soyb            soyb_cmz_02_intense_dry_3877         0.000
   233     8    20  2000       1 2127801  2127801.0              0.000       0.000       0.000       0.000       0.000       0.000       0.000       0.000       0.000       0.000       0.000       0.000   soyb            soyb_cmz_02_intense_dry_3877         0.000
   234     8    21  2000       1 2127801  2127801.0              0.000       0.000       0.000       0.000       0.000       0.000       0.000       0.000       0.000       0.005       0.000       0.000   soyb            soyb_cmz_02_intense_dry_3877         0.000
   235     8    22  2000       1 2127801  2127801.0              0.000       0.000       0.000       0.000       0.000       0.000       0.000       0.000       0.000       0.000       0.000       0.000   soyb            soyb_cmz_02_intense_dry_3877         0.000
   236     8    23  2000       1 2127801  2127801.0              0.000       0.000       0.000       0.000       0.000       0.000       0.000       0.000       0.000       0.000       0.000       0.000   soyb            soyb_cmz_02_intense_dry_3877         0.000
   237     8    24  2000       1 2127801  2127801.0              0.000       0.000       0.000       0.000       0.000       0.000       0.000       0.000       0.000       0.000       0.000       0.000   soyb            soyb_cmz_02_intense_dry_3877         0.000
   238     8    25  2000       1 2127801  2127801.0              0.000       0.000       0.000       0.000       0.000       0.000       0.000       0.000       0.000       0.000       0.000       0.000   soyb            soyb_cmz_02_intense_dry_3877         0.000
   239     8    26  2000       1 2127801  2127801.0              0.000       0.000       0.000       0.000       0.000       0.000       0.000       0.000       0.000       0.000       0.000       0.000   soyb            soyb_cmz_02_intense_dry_3877         0.000
   240     8    27  2000       1 2127801  2127801.0              0.000       0.000       0.000       0.000       0.000       0.000       0.000       0.000       0.000       0.000       0.000       0.000   soyb            soyb_cmz_02_intense_dry_3877         0.000
   241     8    28  2000       1 2127801  2127801.0              0.000       0.000       0.000       0.000       0.000       0.000       0.000       0.000       0.000       0.000       0.000       0.000   soyb            soyb_cmz_02_intense_dry_3877         0.000
   242     8    29  2000       1 2127801  2127801.0              0.000       0.000       0.000       0.000       0.000       0.000       0.000       0.000       0.000       0.000       0.000       0.000   soyb            soyb_cmz_02_intense_dry_3877         0.000
   243     8    30  2000       1 2127801  2127801.0              0.000       0.000       0.000       0.000       0.000       0.000       0.000       0.000       0.000       0.000       0.000       0.000   soyb            soyb_cmz_02_intense_dry_3877         0.000
   244     8    31  2000       1 2127801  2127801.0              0.053       0.446       0.054       0.001       0.000       0.038       0.000       0.062       0.000       0.014       0.000       0.000   soyb            soyb_cmz_02_intense_dry_3877         0.000
   245     9     1  2000       1 2127801  2127801.0              0.000       0.028       0.003       0.000       0.000       0.002       0.000       0.004       0.000       0.000       0.000       0.000   soyb            soyb_cmz_02_intense_dry_3877         0.000
   246     9     2  2000       1 2127801  2127801.0              0.000       0.002       0.000       0.000       0.000       0.000       0.000       0.000       0.000       0.000       0.000       0.000   soyb            soyb_cmz_02_intense_dry_3877         0.000
   247     9     3  2000       1 2127801  2127801.0              0.000       0.000       0.000       0.000       0.000       0.000       0.000       0.000       0.000       0.016       0.000       0.000   soyb            soyb_cmz_02_intense_dry_3877         0.000
   248     9     4  2000       1 2127801  2127801.0              0.000       0.000       0.000       0.000       0.000       0.000       0.000       0.000       0.000       0.000       0.000       0.000   soyb            soyb_cmz_02_intense_dry_3877         0.000
   249     9     5  2000       1 2127801  2127801.0              0.000       0.000       0.000       0.000       0.000       0.000       0.000       0.000       0.000       0.000       0.000       0.000   soyb            soyb_cmz_02_intense_dry_3877         0.000
   250     9     6  2000       1 2127801  2127801.0              0.000       0.000       0.000       0.000       0.000       0.000       0.000       0.000       0.000       0.000       0.000       0.000   soyb            soyb_cmz_02_intense_dry_3877         0.000
   251     9     7  2000       1 2127801  2127801.0              0.000       0.000       0.000       0.000       0.000       0.000       0.000       0.000       0.000       0.010       0.000       0.000   soyb            soyb_cmz_02_intense_dry_3877         0.000
   252     9     8  2000       1 2127801  2127801.0              0.000       0.000       0.000       0.000       0.000       0.000       0.000       0.000       0.000       0.006       0.000       0.000   soyb            soyb_cmz_02_intense_dry_3877         0.000
   253     9     9  2000       1 2127801  2127801.0              0.000       0.000       0.000       0.000       0.000       0.000       0.000       0.000       0.000       0.000       0.000       0.000   soyb            soyb_cmz_02_intense_dry_3877         0.000
   254     9    10  2000       1 2127801  2127801.0              0.000       0.000       0.000       0.000       0.000       0.000       0.000       0.000       0.000       0.000       0.000       0.000   soyb            soyb_cmz_02_intense_dry_3877         0.000
   255     9    11  2000       1 2127801  2127801.0              0.000       0.000       0.000       0.000       0.000       0.000       0.000       0.000       0.000       0.000       0.000       0.000   soyb            soyb_cmz_02_intense_dry_3877         0.000
   256     9    12  2000       1 2127801  2127801.0              0.000       0.000       0.000       0.000       0.000       0.000       0.000       0.000       0.000       0.000       0.000       0.000   soyb            soyb_cmz_02_intense_dry_3877         0.000
   257     9    13  2000       1 2127801  2127801.0              0.000       0.000       0.000       0.000       0.000       0.000       0.000       0.000       0.000       0.000       0.000       0.000   soyb            soyb_cmz_02_intense_dry_3877         0.000
   258     9    14  2000       1 2127801  2127801.0              0.000       0.000       0.000       0.000       0.000       0.000       0.000       0.000       0.000       0.000       0.000       0.000   soyb            soyb_cmz_02_intense_dry_3877         0.000
   259     9    15  2000       1 2127801  2127801.0              0.000       0.000       0.000       0.000       0.000       0.000       0.000       0.000       0.000       0.000       0.000       0.000   soyb            soyb_cmz_02_intense_dry_3877         0.000
   260     9    16  2000       1 2127801  2127801.0              0.000       0.000       0.000       0.000       0.000       0.000       0.000       0.000       0.000       0.000       0.000       0.000   soyb            soyb_cmz_02_intense_dry_3877         0.000
   261     9    17  2000       1 2127801  2127801.0              0.000       0.000       0.000       0.000       0.000       0.000       0.000       0.000       0.000       0.000       0.000       0.000   soyb            soyb_cmz_02_intense_dry_3877         0.000
   262     9    18  2000       1 2127801  2127801.0              0.000       0.000       0.000       0.000       0.000       0.000       0.000       0.000       0.000       0.000       0.000       0.000   soyb            soyb_cmz_02_intense_dry_3877         0.000
   263     9    19  2000       1 2127801  2127801.0              0.000       0.000       0.000       0.000       0.000       0.000       0.000       0.000       0.000       0.000       0.000       0.000   soyb            soyb_cmz_02_intense_dry_3877         0.000
   264     9    20  2000       1 2127801  2127801.0              0.000       0.000       0.000       0.000       0.000       0.000       0.000       0.000       0.000       0.000       0.000       0.000   soyb            soyb_cmz_02_intense_dry_3877         0.000
   265     9    21  2000       1 2127801  2127801.0              0.000       0.000       0.000       0.000       0.000       0.000       0.000       0.000       0.000       0.000       0.000       0.000   soyb            soyb_cmz_02_intense_dry_3877         0.000
   266     9    22  2000       1 2127801  2127801.0              0.000       0.000       0.000       0.000       0.000       0.001       0.000       0.000       0.000       0.000       0.000       0.000   soyb            soyb_cmz_02_intense_dry_3877         0.000
   267     9    23  2000       1 2127801  2127801.0              0.000       0.001       0.000       0.000       0.000       0.001       0.000       0.000       0.000       0.026       0.000       0.000   soyb            soyb_cmz_02_intense_dry_3877         0.000
   268     9    24  2000       1 2127801  2127801.0              0.000       0.000       0.000       0.000       0.000       0.000       0.000       0.000       0.000       0.000       0.000       0.000   soyb            soyb_cmz_02_intense_dry_3877         0.000
   269     9    25  2000       1 2127801  2127801.0              0.000       0.000       0.000       0.000       0.000       0.000       0.000       0.000       0.000       0.025       0.000       0.000   soyb            soyb_cmz_02_intense_dry_3877         0.000
   270     9    26  2000       1 2127801  2127801.0              0.000       0.000       0.000       0.000       0.000       0.000       0.000       0.000       0.000       0.000       0.000       0.000   soyb            soyb_cmz_02_intense_dry_3877         0.000
   271     9    27  2000       1 2127801  2127801.0              0.000       0.000       0.000       0.000       0.000       0.000       0.000       0.000       0.000       0.000       0.000       0.000   soyb            soyb_cmz_02_intense_dry_3877         0.000
   272     9    28  2000       1 2127801  2127801.0              0.000       0.000       0.000       0.000       0.000       0.000       0.000       0.000       0.000       0.000       0.000       0.000   soyb            soyb_cmz_02_intense_dry_3877         0.000
   273     9    29  2000       1 2127801  2127801.0              0.000       0.000       0.000       0.000       0.000       0.000       0.000       0.000       0.000       0.000       0.000       0.000   soyb            soyb_cmz_02_intense_dry_3877         0.000
   274     9    30  2000       1 2127801  2127801.0              0.000       0.000       0.000       0.000       0.000       0.000       0.000       0.000       0.000       0.000       0.000       0.000   soyb            soyb_cmz_02_intense_dry_3877         0.000
   275    10     1  2000       1 2127801  2127801.0              0.000       0.000       0.000       0.000       0.000       0.000       0.000       0.000       0.000       0.000       0.000       0.000   soyb            soyb_cmz_02_intense_dry_3877         0.000
   276    10     2  2000       1 2127801  2127801.0              0.000       0.000       0.000       0.000       0.000       0.000       0.000       0.000       0.000       0.000       0.000       0.000   soyb            soyb_cmz_02_intense_dry_3877         0.000
   277    10     3  2000       1 2127801  2127801.0              0.000       0.000       0.000       0.000       0.000       0.000       0.000       0.000       0.000       0.000       0.000       0.000   soyb            soyb_cmz_02_intense_dry_3877         0.000
   278    10     4  2000       1 2127801  2127801.0              0.000       0.000       0.000       0.000       0.000       0.000       0.000       0.000       0.000       0.000       0.000       0.000   soyb            soyb_cmz_02_intense_dry_3877         0.000
   279    10     5  2000       1 2127801  2127801.0              0.000       0.000       0.000       0.000       0.000       0.000       0.000       0.000       0.000       0.000       0.000       0.000   soyb            soyb_cmz_02_intense_dry_3877         0.000
   280    10     6  2000       1 2127801  2127801.0              0.000       0.000       0.000       0.000       0.000       0.000       0.000       0.000       0.000       0.000       0.000       0.000   soyb            soyb_cmz_02_intense_dry_3877         0.000
   281    10     7  2000       1 2127801  2127801.0              0.000       0.000       0.000       0.000       0.000       0.000       0.000       0.000       0.000       0.000       0.000       0.000   soyb            soyb_cmz_02_intense_dry_3877         0.000
   282    10     8  2000       1 2127801  2127801.0              0.000       0.000       0.000       0.000       0.000       0.000       0.000       0.000       0.000       0.000       0.000       0.000   soyb            soyb_cmz_02_intense_dry_3877         0.000
   283    10     9  2000       1 2127801  2127801.0              0.000       0.000       0.000       0.000       0.000       0.000       0.000       0.000       0.000       0.000       0.000       0.000   soyb            soyb_cmz_02_intense_dry_3877         0.000
   284    10    10  2000       1 2127801  2127801.0              0.000       0.000       0.000       0.000       0.000       0.000       0.000       0.000       0.000       0.000       0.000       0.000   soyb            soyb_cmz_02_intense_dry_3877         0.000
   285    10    11  2000       1 2127801  2127801.0              0.000       0.000       0.000       0.000       0.000       0.000       0.000       0.000       0.000       0.000       0.000       0.000   soyb            soyb_cmz_02_intense_dry_3877         0.000
   286    10    12  2000       1 2127801  2127801.0              0.000       0.000       0.000       0.000       0.000       0.000       0.000       0.000       0.000       0.000       0.000       0.000   soyb            soyb_cmz_02_intense_dry_3877         0.000
   287    10    13  2000       1 2127801  2127801.0              0.000       0.000       0.000       0.000       0.000       0.000       0.000       0.000       0.000       0.000       0.000       0.000   soyb            soyb_cmz_02_intense_dry_3877         0.000
   288    10    14  2000       1 2127801  2127801.0              0.157       1.396       0.163       0.469       0.002       0.058       0.000       0.184       0.000       0.030       0.000       0.000   soyb            soyb_cmz_02_intense_dry_3877         0.070
   289    10    15  2000       1 2127801  2127801.0              0.000       0.088       0.010       0.030       0.001       0.004       0.000       0.012       0.000       0.021       0.000       0.000   soyb            soyb_cmz_02_intense_dry_3877         0.015
   290    10    16  2000       1 2127801  2127801.0              0.000       0.002       0.000       0.006       0.001       0.001       0.000       0.000       0.000       0.030       0.000       0.000   soyb            soyb_cmz_02_intense_dry_3877         0.061
   291    10    17  2000       1 2127801  2127801.0              0.000       0.001       0.000       0.001       0.001       0.000       0.000       0.000       0.000       0.000       0.000       0.000   soyb            soyb_cmz_02_intense_dry_3877         0.000
   292    10    18  2000       1 2127801  2127801.0              0.000       0.000       0.000       0.000       0.000       0.000       0.000       0.000       0.000       0.000       0.000       0.000   soyb            soyb_cmz_02_intense_dry_3877         0.000
   293    10    19  2000       1 2127801  2127801.0              0.000       0.000       0.000       0.000       0.000       0.000       0.000       0.000       0.000       0.000       0.000       0.000   soyb            soyb_cmz_02_intense_dry_3877         0.000
   294    10    20  2000       1 2127801  2127801.0              0.000       0.000       0.000       0.000       0.000       0.000       0.000       0.000       0.000       0.000       0.000       0.000   soyb            soyb_cmz_02_intense_dry_3877         0.000
   295    10    21  2000       1 2127801  2127801.0              0.000       0.000       0.000       0.000       0.000       0.000       0.000       0.000       0.000       0.000       0.000       0.000   soyb            soyb_cmz_02_intense_dry_3877         0.000
   296    10    22  2000       1 2127801  2127801.0              0.000       0.000       0.000       0.000       0.000       0.000       0.000       0.000       0.000       0.000       0.000       0.000   soyb            soyb_cmz_02_intense_dry_3877         0.000
   297    10    23  2000       1 2127801  2127801.0              0.000       0.000       0.000       0.000       0.000       0.000       0.000       0.000       0.000       0.000       0.000       0.000   soyb            soyb_cmz_02_intense_dry_3877         0.000
   298    10    24  2000       1 2127801  2127801.0              0.000       0.000       0.000       0.000       0.000       0.000       0.000       0.000       0.000       0.000       0.000       0.000   soyb            soyb_cmz_02_intense_dry_3877         0.000
   299    10    25  2000       1 2127801  2127801.0              0.000       0.000       0.000       0.000       0.000       0.000       0.000       0.000       0.000       0.000       0.000       0.000   soyb            soyb_cmz_02_intense_dry_3877         0.000
   300    10    26  2000       1 2127801  2127801.0              0.000       0.000       0.000       0.000       0.000       0.000       0.000       0.000       0.000       0.003       0.000       0.000   soyb            soyb_cmz_02_intense_dry_3877         0.002
   301    10    27  2000       1 2127801  2127801.0              0.000       0.005       0.001       0.002       0.002       0.001       0.000       0.001       0.000       0.029       0.000       0.000   soyb            soyb_cmz_02_intense_dry_3877         0.101
   302    10    28  2000       1 2127801  2127801.0              0.000       0.003       0.000       0.000       0.001       0.000       0.000       0.000       0.000       0.000       0.000       0.000   soyb            soyb_cmz_02_intense_dry_3877         0.000
   303    10    29  2000       1 2127801  2127801.0              0.000       0.000       0.000       0.000       0.000       0.000       0.000       0.000       0.000       0.000       0.000       0.000   soyb            soyb_cmz_02_intense_dry_3877         0.000
   304    10    30  2000       1 2127801  2127801.0              0.000       0.000       0.000       0.000       0.000       0.000       0.000       0.000       0.000       0.010       0.000       0.000   soyb            soyb_cmz_02_intense_dry_3877         0.012
   305    10    31  2000       1 2127801  2127801.0              0.000       0.000       0.000       0.000       0.000       0.000       0.000       0.000       0.000       0.001       0.000       0.000   soyb            soyb_cmz_02_intense_dry_3877         0.002
   306    11     1  2000       1 2127801  2127801.0              0.217       2.483       0.293       0.086       0.004       0.052       0.000       0.341       0.000       0.030       0.000       0.000   soyb            soyb_cmz_02_intense_dry_3877         0.551
   307    11     2  2000       1 2127801  2127801.0              0.000       0.000       0.000       0.042       0.005       0.027       0.000       0.000       0.000       0.030       0.000       0.000   soyb            soyb_cmz_02_intense_dry_3877         0.642
   308    11     3  2000       1 2127801  2127801.0              0.000       0.102       0.012       0.003       0.002       0.002       0.000       0.014       0.000       0.011       0.000       0.000   soyb            soyb_cmz_02_intense_dry_3877         0.041
   309    11     4  2000       1 2127801  2127801.0              0.000       0.006       0.001       0.000       0.001       0.000       0.000       0.001       0.000       0.000       0.000       0.000   soyb            soyb_cmz_02_intense_dry_3877         0.000
   310    11     5  2000       1 2127801  2127801.0              0.000       0.000       0.000       0.000       0.000       0.000       0.000       0.000       0.000       0.000       0.000       0.000   soyb            soyb_cmz_02_intense_dry_3877         0.000
   311    11     6  2000       1 2127801  2127801.0              0.000       0.000       0.000       0.000       0.001       0.000       0.000       0.000       0.000       0.028       0.000       0.000   soyb            soyb_cmz_02_intense_dry_3877         0.265
   312    11     7  2000       1 2127801  2127801.0              0.055       0.620       0.073       0.020       0.004       0.025       0.000       0.086       0.000       0.030       0.000       0.000   soyb            soyb_cmz_02_intense_dry_3877         1.015
   313    11     8  2000       1 2127801  2127801.0              0.000       0.000       0.000       0.005       0.003       0.004       0.000       0.000       0.000       0.030       0.000       0.000   soyb            soyb_cmz_02_intense_dry_3877         0.711
   314    11     9  2000       1 2127801  2127801.0              0.000       0.020       0.002       0.000       0.001       0.000       0.000       0.003       0.000       0.000       0.000       0.000   soyb            soyb_cmz_02_intense_dry_3877         0.001
   315    11    10  2000       1 2127801  2127801.0              0.000       0.001       0.000       0.000       0.000       0.000       0.000       0.000       0.000       0.000       0.000       0.000   soyb            soyb_cmz_02_intense_dry_3877         0.000
   316    11    11  2000       1 2127801  2127801.0              0.000       0.000       0.000       0.000       0.000       0.000       0.000       0.000       0.000       0.000       0.000       0.000   soyb            soyb_cmz_02_intense_dry_3877         0.000
   317    11    12  2000       1 2127801  2127801.0              0.000       0.000       0.000       0.000       0.000       0.000       0.000       0.000       0.000       0.000       0.000       0.000   soyb            soyb_cmz_02_intense_dry_3877         0.000
   318    11    13  2000       1 2127801  2127801.0              0.000       0.000       0.000       0.000       0.000       0.000       0.000       0.000       0.000       0.000       0.000       0.000   soyb            soyb_cmz_02_intense_dry_3877         0.000
   319    11    14  2000       1 2127801  2127801.0              0.000       0.000       0.000       0.000       0.000       0.000       0.000       0.000       0.000       0.000       0.000       0.000   soyb            soyb_cmz_02_intense_dry_3877         0.000
   320    11    15  2000       1 2127801  2127801.0              0.000       0.000       0.000       0.000       0.000       0.000       0.000       0.000       0.000       0.000       0.000       0.000   soyb            soyb_cmz_02_intense_dry_3877         0.000
   321    11    16  2000       1 2127801  2127801.0              0.000       0.000       0.000       0.000       0.000       0.000       0.000       0.000       0.000       0.000       0.000       0.000   soyb            soyb_cmz_02_intense_dry_3877         0.000
   322    11    17  2000       1 2127801  2127801.0              0.000       0.000       0.000       0.000       0.000       0.000       0.000       0.000       0.000       0.000       0.000       0.000   soyb            soyb_cmz_02_intense_dry_3877         0.000
   323    11    18  2000       1 2127801  2127801.0              0.000       0.000       0.000       0.000       0.000       0.000       0.000       0.000       0.000       0.000       0.000       0.000   soyb            soyb_cmz_02_intense_dry_3877         0.000
   324    11    19  2000       1 2127801  2127801.0              0.000       0.000       0.000       0.000       0.000       0.000       0.000       0.000       0.000       0.000       0.000       0.000   soyb            soyb_cmz_02_intense_dry_3877         0.000
   325    11    20  2000       1 2127801  2127801.0              0.000       0.000       0.000       0.000       0.000       0.000       0.000       0.000       0.000       0.000       0.000       0.000   soyb            soyb_cmz_02_intense_dry_3877         0.000
   326    11    21  2000       1 2127801  2127801.0              0.000       0.000       0.000       0.000       0.000       0.000       0.000       0.000       0.000       0.000       0.000       0.000   soyb            soyb_cmz_02_intense_dry_3877         0.000
   327    11    22  2000       1 2127801  2127801.0              0.000       0.000       0.000       0.000       0.000       0.000       0.000       0.000       0.000       0.000       0.000       0.000   soyb            soyb_cmz_02_intense_dry_3877         0.000
   328    11    23  2000       1 2127801  2127801.0              0.000       0.000       0.000       0.000       0.000       0.000       0.000       0.000       0.000       0.000       0.000       0.000   soyb            soyb_cmz_02_intense_dry_3877         0.000
   329    11    24  2000       1 2127801  2127801.0              0.000       0.000       0.000       0.000       0.000       0.000       0.000       0.000       0.000       0.000       0.000       0.000   soyb            soyb_cmz_02_intense_dry_3877         0.000
   330    11    25  2000       1 2127801  2127801.0              0.002       0.022       0.003       0.052       0.000       0.002       0.000       0.003       0.000       0.000       0.000       0.000   soyb            soyb_cmz_02_intense_dry_3877         0.000
   331    11    26  2000       1 2127801  2127801.0              0.000       0.010       0.001       0.005       0.000       0.000       0.000       0.001       0.000       0.000       0.000       0.000   soyb            soyb_cmz_02_intense_dry_3877         0.000
   332    11    27  2000       1 2127801  2127801.0              0.000       0.001       0.000       0.000       0.000       0.000       0.000       0.000       0.000       0.000       0.000       0.000   soyb            soyb_cmz_02_intense_dry_3877         0.000
   333    11    28  2000       1 2127801  2127801.0              0.000       0.000       0.000       0.000       0.000       0.000       0.000       0.000       0.000       0.000       0.000       0.000   soyb            soyb_cmz_02_intense_dry_3877         0.000
   334    11    29  2000       1 2127801  2127801.0              0.000       0.000       0.000       0.000       0.000       0.000       0.000       0.000       0.000       0.000       0.000       0.000   soyb            soyb_cmz_02_intense_dry_3877         0.000
   335    11    30  2000       1 2127801  2127801.0              0.000       0.000       0.000       0.000       0.000       0.000       0.000       0.000       0.000       0.000       0.000       0.000   soyb            soyb_cmz_02_intense_dry_3877         0.000
   336    12     1  2000       1 2127801  2127801.0              0.000       0.000       0.000       0.000       0.000       0.000       0.000       0.000       0.000       0.000       0.000       0.000   soyb            soyb_cmz_02_intense_dry_3877         0.000
   337    12     2  2000       1 2127801  2127801.0              0.000       0.000       0.000       0.000       0.000       0.000       0.000       0.000       0.000       0.000       0.000       0.000   soyb            soyb_cmz_02_intense_dry_3877         0.000
   338    12     3  2000       1 2127801  2127801.0              0.000       0.000       0.000       0.000       0.000       0.000       0.000       0.000       0.000       0.000       0.000       0.000   soyb            soyb_cmz_02_intense_dry_3877         0.000
   339    12     4  2000       1 2127801  2127801.0              0.000       0.000       0.000       0.000       0.000       0.000       0.000       0.000       0.000       0.000       0.000       0.000   soyb            soyb_cmz_02_intense_dry_3877         0.000
   340    12     5  2000       1 2127801  2127801.0              0.000       0.000       0.000       0.000       0.000       0.000       0.000       0.000       0.000       0.000       0.000       0.000   soyb            soyb_cmz_02_intense_dry_3877         0.000
   341    12     6  2000       1 2127801  2127801.0              0.000       0.000       0.000       0.000       0.000       0.000       0.000       0.000       0.000       0.000       0.000       0.000   soyb            soyb_cmz_02_intense_dry_3877         0.000
   342    12     7  2000       1 2127801  2127801.0              0.000       0.000       0.000       0.000       0.000       0.000       0.000       0.000       0.000       0.000       0.000       0.000   soyb            soyb_cmz_02_intense_dry_3877         0.000
   343    12     8  2000       1 2127801  2127801.0              0.000       0.000       0.000       0.000       0.000       0.000       0.000       0.000       0.000       0.000       0.000       0.000   soyb            soyb_cmz_02_intense_dry_3877         0.000
   344    12     9  2000       1 2127801  2127801.0              0.000       0.000       0.000       0.000       0.000       0.000       0.000       0.000       0.000       0.000       0.000       0.000   soyb            soyb_cmz_02_intense_dry_3877         0.000
   345    12    10  2000       1 2127801  2127801.0              0.000       0.000       0.000       0.000       0.000       0.000       0.000       0.000       0.000       0.000       0.000       0.000   soyb            soyb_cmz_02_intense_dry_3877         0.000
   346    12    11  2000       1 2127801  2127801.0              0.000       0.000       0.000       0.000       0.000       0.000       0.000       0.000       0.000       0.000       0.000       0.000   soyb            soyb_cmz_02_intense_dry_3877         0.000
   347    12    12  2000       1 2127801  2127801.0              0.000       0.000       0.000       0.000       0.000       0.000       0.000       0.000       0.000       0.000       0.000       0.000   soyb            soyb_cmz_02_intense_dry_3877         0.000
   348    12    13  2000       1 2127801  2127801.0              0.000       0.000       0.000       0.000       0.000       0.000       0.000       0.000       0.000       0.000       0.000       0.000   soyb            soyb_cmz_02_intense_dry_3877         0.000
   349    12    14  2000       1 2127801  2127801.0              0.000       0.000       0.000       0.000       0.000       0.000       0.000       0.000       0.000       0.000       0.000       0.000   soyb            soyb_cmz_02_intense_dry_3877         0.000
   350    12    15  2000       1 2127801  2127801.0              0.000       0.000       0.000       0.000       0.000       0.000       0.000       0.000       0.000       0.000       0.000       0.000   soyb            soyb_cmz_02_intense_dry_3877         0.000
   351    12    16  2000       1 2127801  2127801.0              0.000       0.000       0.000       0.000       0.000       0.000       0.000       0.000       0.000       0.000       0.000       0.000   soyb            soyb_cmz_02_intense_dry_3877         0.000
   352    12    17  2000       1 2127801  2127801.0              0.000       0.000       0.000       0.000       0.000       0.000       0.000       0.000       0.000       0.000       0.000       0.000   soyb            soyb_cmz_02_intense_dry_3877         0.000
   353    12    18  2000       1 2127801  2127801.0              0.000       0.000       0.000       0.000       0.000       0.000       0.000       0.000       0.000       0.000       0.000       0.000   soyb            soyb_cmz_02_intense_dry_3877         0.000
   354    12    19  2000       1 2127801  2127801.0              0.000       0.000       0.000       0.000       0.000       0.000       0.000       0.000       0.000       0.000       0.000       0.000   soyb            soyb_cmz_02_intense_dry_3877         0.000
   355    12    20  2000       1 2127801  2127801.0              0.000       0.000       0.000       0.000       0.000       0.000       0.000       0.000       0.000       0.000       0.000       0.000   soyb            soyb_cmz_02_intense_dry_3877         0.000
   356    12    21  2000       1 2127801  2127801.0              0.000       0.000       0.000       0.000       0.000       0.000       0.000       0.000       0.000       0.000       0.000       0.000   soyb            soyb_cmz_02_intense_dry_3877         0.000
   357    12    22  2000       1 2127801  2127801.0              0.000       0.000       0.000       0.000       0.000       0.000       0.000       0.000       0.000       0.000       0.000       0.000   soyb            soyb_cmz_02_intense_dry_3877         0.000
   358    12    23  2000       1 2127801  2127801.0              0.000       0.000       0.000       0.000       0.000       0.000       0.000       0.000       0.000       0.000       0.000       0.000   soyb            soyb_cmz_02_intense_dry_3877         0.000
   359    12    24  2000       1 2127801  2127801.0              0.000       0.000       0.000       0.000       0.000       0.000       0.000       0.000       0.000       0.000       0.000       0.000   soyb            soyb_cmz_02_intense_dry_3877         0.000
   360    12    25  2000       1 2127801  2127801.0              0.000       0.000       0.000       0.000       0.000       0.000       0.000       0.000       0.000       0.000       0.000       0.000   soyb            soyb_cmz_02_intense_dry_3877         0.000
   361    12    26  2000       1 2127801  2127801.0              0.000       0.000       0.000       0.000       0.000       0.000       0.000       0.000       0.000       0.000       0.000       0.000   soyb            soyb_cmz_02_intense_dry_3877         0.000
   362    12    27  2000       1 2127801  2127801.0              0.000       0.000       0.000       0.000       0.000       0.000       0.000       0.000       0.000       0.000       0.000       0.000   soyb            soyb_cmz_02_intense_dry_3877         0.000
   363    12    28  2000       1 2127801  2127801.0              0.000       0.000       0.000       0.000       0.000       0.000       0.000       0.000       0.000       0.000       0.000       0.000   soyb            soyb_cmz_02_intense_dry_3877         0.000
   364    12    29  2000       1 2127801  2127801.0              0.000       0.000       0.000       0.000       0.000       0.000       0.000       0.000       0.000       0.000       0.000       0.000   soyb            soyb_cmz_02_intense_dry_3877         0.000
   365    12    30  2000       1 2127801  2127801.0              0.000       0.000       0.000       0.000       0.000       0.000       0.000       0.000       0.000       0.000       0.000       0.000   soyb            soyb_cmz_02_intense_dry_3877         0.000
   366    12    31  2000       1 2127801  2127801.0              0.000       0.000       0.000       0.000       0.000       0.000       0.000       0.000       0.000       0.000       0.000       0.000   soyb            soyb_cmz_02_intense_dry_3877         0.000
