 ex1018                    SWAT+ 2025-11-12        MODULAR Rev 2025.61.0.2.11-341-ga4e85d8                
       year      plant_no   plant_name       harv_area(ha)     yld(t)          yld(t/ha)      
        2005           1 bsvg                                      0.0000000E+00  0.0000000E+00  0.0000000E+00
        2005           2 hay                                       0.0000000E+00  0.0000000E+00  0.0000000E+00
        2005           3 past                                      0.0000000E+00  0.0000000E+00  0.0000000E+00
        2005           4 frst                                      0.0000000E+00  0.0000000E+00  0.0000000E+00
        2005           5 wetw                                      0.0000000E+00  0.0000000E+00  0.0000000E+00
        2005           6 wetl                                      0.0000000E+00  0.0000000E+00  0.0000000E+00
        2005           7 agrl                                      0.0000000E+00  0.0000000E+00  0.0000000E+00
        2006           1 bsvg                                      0.0000000E+00  0.0000000E+00  0.0000000E+00
        2006           2 hay                                       0.0000000E+00  0.0000000E+00  0.0000000E+00
        2006           3 past                                      0.0000000E+00  0.0000000E+00  0.0000000E+00
        2006           4 frst                                      0.0000000E+00  0.0000000E+00  0.0000000E+00
        2006           5 wetw                                      0.0000000E+00  0.0000000E+00  0.0000000E+00
        2006           6 wetl                                      0.0000000E+00  0.0000000E+00  0.0000000E+00
        2006           7 agrl                                      0.0000000E+00  0.0000000E+00  0.0000000E+00
        2007           1 bsvg                                      0.0000000E+00  0.0000000E+00  0.0000000E+00
        2007           2 hay                                       0.0000000E+00  0.0000000E+00  0.0000000E+00
        2007           3 past                                      0.0000000E+00  0.0000000E+00  0.0000000E+00
        2007           4 frst                                      0.0000000E+00  0.0000000E+00  0.0000000E+00
        2007           5 wetw                                      0.0000000E+00  0.0000000E+00  0.0000000E+00
        2007           6 wetl                                      0.0000000E+00  0.0000000E+00  0.0000000E+00
        2007           7 agrl                                      0.0000000E+00  0.0000000E+00  0.0000000E+00
        2008           1 bsvg                                      0.0000000E+00  0.0000000E+00  0.0000000E+00
        2008           2 hay                                       0.0000000E+00  0.0000000E+00  0.0000000E+00
        2008           3 past                                      0.0000000E+00  0.0000000E+00  0.0000000E+00
        2008           4 frst                                      0.0000000E+00  0.0000000E+00  0.0000000E+00
        2008           5 wetw                                      0.0000000E+00  0.0000000E+00  0.0000000E+00
        2008           6 wetl                                      0.0000000E+00  0.0000000E+00  0.0000000E+00
        2008           7 agrl                                      0.0000000E+00  0.0000000E+00  0.0000000E+00
        2009           1 bsvg                                      0.0000000E+00  0.0000000E+00  0.0000000E+00
        2009           2 hay                                       0.0000000E+00  0.0000000E+00  0.0000000E+00
        2009           3 past                                      0.0000000E+00  0.0000000E+00  0.0000000E+00
        2009           4 frst                                      0.0000000E+00  0.0000000E+00  0.0000000E+00
        2009           5 wetw                                      0.0000000E+00  0.0000000E+00  0.0000000E+00
        2009           6 wetl                                      0.0000000E+00  0.0000000E+00  0.0000000E+00
        2009           7 agrl                                      0.0000000E+00  0.0000000E+00  0.0000000E+00
        2010           1 bsvg                                      0.0000000E+00  0.0000000E+00  0.0000000E+00
        2010           2 hay                                       0.0000000E+00  0.0000000E+00  0.0000000E+00
        2010           3 past                                      0.0000000E+00  0.0000000E+00  0.0000000E+00
        2010           4 frst                                      0.0000000E+00  0.0000000E+00  0.0000000E+00
        2010           5 wetw                                      0.0000000E+00  0.0000000E+00  0.0000000E+00
        2010           6 wetl                                      0.0000000E+00  0.0000000E+00  0.0000000E+00
        2010           7 agrl                                      0.0000000E+00  0.0000000E+00  0.0000000E+00
        2011           1 bsvg                                      0.0000000E+00  0.0000000E+00  0.0000000E+00
        2011           2 hay                                       0.0000000E+00  0.0000000E+00  0.0000000E+00
        2011           3 past                                      0.0000000E+00  0.0000000E+00  0.0000000E+00
        2011           4 frst                                      0.0000000E+00  0.0000000E+00  0.0000000E+00
        2011           5 wetw                                      0.0000000E+00  0.0000000E+00  0.0000000E+00
        2011           6 wetl                                      0.0000000E+00  0.0000000E+00  0.0000000E+00
        2011           7 agrl                                      0.0000000E+00  0.0000000E+00  0.0000000E+00
        2012           1 bsvg                                      0.0000000E+00  0.0000000E+00  0.0000000E+00
        2012           2 hay                                       0.0000000E+00  0.0000000E+00  0.0000000E+00
        2012           3 past                                      0.0000000E+00  0.0000000E+00  0.0000000E+00
        2012           4 frst                                      0.0000000E+00  0.0000000E+00  0.0000000E+00
        2012           5 wetw                                      0.0000000E+00  0.0000000E+00  0.0000000E+00
        2012           6 wetl                                      0.0000000E+00  0.0000000E+00  0.0000000E+00
        2012           7 agrl                                      0.0000000E+00  0.0000000E+00  0.0000000E+00
        2013           1 bsvg                                      0.0000000E+00  0.0000000E+00  0.0000000E+00
        2013           2 hay                                       0.0000000E+00  0.0000000E+00  0.0000000E+00
        2013           3 past                                      0.0000000E+00  0.0000000E+00  0.0000000E+00
        2013           4 frst                                      0.0000000E+00  0.0000000E+00  0.0000000E+00
        2013           5 wetw                                      0.0000000E+00  0.0000000E+00  0.0000000E+00
        2013           6 wetl                                      0.0000000E+00  0.0000000E+00  0.0000000E+00
        2013           7 agrl                                      0.0000000E+00  0.0000000E+00  0.0000000E+00
        2014           1 bsvg                                      0.0000000E+00  0.0000000E+00  0.0000000E+00
        2014           2 hay                                       0.0000000E+00  0.0000000E+00  0.0000000E+00
        2014           3 past                                      0.0000000E+00  0.0000000E+00  0.0000000E+00
        2014           4 frst                                      0.0000000E+00  0.0000000E+00  0.0000000E+00
        2014           5 wetw                                      0.0000000E+00  0.0000000E+00  0.0000000E+00
        2014           6 wetl                                      0.0000000E+00  0.0000000E+00  0.0000000E+00
        2014           7 agrl                                      0.0000000E+00  0.0000000E+00  0.0000000E+00
        2015           1 bsvg                                      0.0000000E+00  0.0000000E+00  0.0000000E+00
        2015           2 hay                                       0.0000000E+00  0.0000000E+00  0.0000000E+00
        2015           3 past                                      0.0000000E+00  0.0000000E+00  0.0000000E+00
        2015           4 frst                                      0.0000000E+00  0.0000000E+00  0.0000000E+00
        2015           5 wetw                                      0.0000000E+00  0.0000000E+00  0.0000000E+00
        2015           6 wetl                                      0.0000000E+00  0.0000000E+00  0.0000000E+00
        2015           7 agrl                                      0.0000000E+00  0.0000000E+00  0.0000000E+00
        2016           1 bsvg                                      0.0000000E+00  0.0000000E+00  0.0000000E+00
        2016           2 hay                                       0.0000000E+00  0.0000000E+00  0.0000000E+00
        2016           3 past                                      0.0000000E+00  0.0000000E+00  0.0000000E+00
        2016           4 frst                                      0.0000000E+00  0.0000000E+00  0.0000000E+00
        2016           5 wetw                                      0.0000000E+00  0.0000000E+00  0.0000000E+00
        2016           6 wetl                                      0.0000000E+00  0.0000000E+00  0.0000000E+00
        2016           7 agrl                                      0.0000000E+00  0.0000000E+00  0.0000000E+00
        2017           1 bsvg                                      0.0000000E+00  0.0000000E+00  0.0000000E+00
        2017           2 hay                                       0.0000000E+00  0.0000000E+00  0.0000000E+00
        2017           3 past                                      0.0000000E+00  0.0000000E+00  0.0000000E+00
        2017           4 frst                                      0.0000000E+00  0.0000000E+00  0.0000000E+00
        2017           5 wetw                                      0.0000000E+00  0.0000000E+00  0.0000000E+00
        2017           6 wetl                                      0.0000000E+00  0.0000000E+00  0.0000000E+00
        2017           7 agrl                                      0.0000000E+00  0.0000000E+00  0.0000000E+00
        2018           1 bsvg                                      0.0000000E+00  0.0000000E+00  0.0000000E+00
        2018           2 hay                                       0.0000000E+00  0.0000000E+00  0.0000000E+00
        2018           3 past                                      0.0000000E+00  0.0000000E+00  0.0000000E+00
        2018           4 frst                                      0.0000000E+00  0.0000000E+00  0.0000000E+00
        2018           5 wetw                                      0.0000000E+00  0.0000000E+00  0.0000000E+00
        2018           6 wetl                                      0.0000000E+00  0.0000000E+00  0.0000000E+00
        2018           7 agrl                                      0.0000000E+00  0.0000000E+00  0.0000000E+00
