           1 cha001             3434819.       679.4101       117.7585      1.5690349E-02   8.478220      0.0000000E+00  0.0000000E+00  0.0000000E+00
           2 cha002             3102781.       639.2053       111.5945      1.5804285E-02   8.140360      0.0000000E+00  0.0000000E+00  0.0000000E+00
           3 cha003             2731488.       592.1466       104.3126      1.5947029E-02   7.735760      0.0000000E+00  0.0000000E+00  0.0000000E+00
           4 cha004             242168.8       138.3759       28.85955      1.8879971E-02   2.934880      0.0000000E+00  0.0000000E+00  0.0000000E+00
           5 cha005             1016712.       327.2718       61.81094      1.7097360E-02   5.209820      0.0000000E+00  0.0000000E+00  0.0000000E+00
           6 cha006             129550.0       95.07190       20.69060      1.9701226E-02   2.285170      0.0000000E+00  0.0000000E+00  0.0000000E+00
           7 cha007             112387.5       87.30126       19.18251      1.9891033E-02   2.158890      0.0000000E+00  0.0000000E+00  0.0000000E+00
           8 cha008             1689812.       443.9078       80.90485      1.6498864E-02   6.383790      0.0000000E+00  0.0000000E+00  0.0000000E+00
           9 cha009             1289181.       377.3793       70.09961      1.6815500E-02   5.728870      0.9273958      1.4654415E-02  0.0000000E+00
          10 cha010             1131481.       348.9620       65.41827      1.6970444E-02   5.437540      0.0000000E+00  0.0000000E+00  0.0000000E+00
          11 cha011             1018994.       327.7122       61.88786      1.7095633E-02   5.214490      0.0000000E+00  0.0000000E+00  0.0000000E+00
          12 cha012             592356.2       236.6680       46.41546      1.7753970E-02   4.197360      0.0000000E+00  0.0000000E+00  0.0000000E+00
          13 cha013             539350.0       223.7238       44.15995      1.7868528E-02   4.042890      0.0000000E+00  0.0000000E+00  0.0000000E+00
          14 cha014             519606.3       218.7733       43.29863      1.7916458E-02   3.983030      0.0000000E+00  0.0000000E+00  0.0000000E+00
          15 cha015             274093.8       149.0490       30.82642      1.8722605E-02   3.083920      0.0000000E+00  0.0000000E+00  0.0000000E+00
          16 cha016             152268.8       104.7505       22.54747      1.9485611E-02   2.437740      0.0000000E+00  0.0000000E+00  0.0000000E+00
          17 cha017             234893.8       135.8666       28.39806      1.8921191E-02   2.899290      0.0000000E+00  0.0000000E+00  0.0000000E+00
          18 cha018             115775.0       88.87070       19.48805      1.9850988E-02   2.184690      0.0000000E+00  0.0000000E+00  0.0000000E+00
          19 cha019             159100.0       107.5454       23.08279      1.9429818E-02   2.480910      0.0000000E+00  0.0000000E+00  0.0000000E+00
          20 cha020             108350.0       85.40574       18.81207      1.9939853E-02   2.127530      0.0000000E+00  0.0000000E+00  0.0000000E+00
          21 cha021             135725.0       97.76550       21.21033      1.9639667E-02   2.328130      0.0000000E+00  0.0000000E+00  0.0000000E+00
          22 cha022             72537.50       67.13164       15.18941      2.0482644E-02   1.812040      0.0000000E+00  0.0000000E+00  0.0000000E+00
          23 cha023             104925.0       83.77551       18.49135      1.9981306E-02   2.100370      0.0000000E+00  0.0000000E+00  0.0000000E+00
          24 cha024             137200.0       98.40160       21.33118      1.9623889E-02   2.338220      0.0000000E+00  0.0000000E+00  0.0000000E+00
          25 cha025             107131.2       84.82804       18.69849      1.9954430E-02   2.117920      0.0000000E+00  0.0000000E+00  0.0000000E+00
          26 cha026             291400.0       154.6263       31.84316      1.8642539E-02   3.160380      0.0000000E+00  0.0000000E+00  0.0000000E+00
          27 cha027             149906.2       103.7723       22.36191      1.9507414E-02   2.422540      0.0000000E+00  0.0000000E+00  0.0000000E+00
          28 cha028             255687.5       142.9603       29.70592      1.8810485E-02   2.999350      0.0000000E+00  0.0000000E+00  0.0000000E+00
          29 cha029             8751919.       1190.835       193.0106      1.4672424E-02   12.32494      0.0000000E+00  0.0000000E+00  0.0000000E+00
          30 cha030             8561681.       1175.236       190.7610      1.4693889E-02   12.21707      0.0000000E+00  0.0000000E+00  0.0000000E+00
          31 cha031             7502326.       1085.693       177.9319      1.4836067E-02   11.58835      0.0000000E+00  0.0000000E+00  0.0000000E+00
          32 cha032             7335325.       1071.128       175.8263      1.4859866E-02   11.48447      0.0000000E+00  0.0000000E+00  0.0000000E+00
          33 cha033             3498744.       686.9688       118.9022      1.5668420E-02   8.540990      0.0000000E+00  0.0000000E+00  0.0000000E+00
          34 cha034             3296344.       662.8408       115.2241      1.5736436E-02   8.339810      0.0000000E+00  0.0000000E+00  0.0000000E+00
          35 cha035             3142512.       644.1039       112.3457      1.5789658E-02   8.181900      0.0000000E+00  0.0000000E+00  0.0000000E+00
          36 cha036             2982994.       624.2824       109.2943      1.5848529E-02   8.013170      0.0000000E+00  0.0000000E+00  0.0000000E+00
          37 cha037             2720300.       590.6902       104.0859      1.5951602E-02   7.723070      0.0000000E+00  0.0000000E+00  0.0000000E+00
          38 cha038             2489644.       560.1083       99.31956      1.6052218E-02   7.454150      0.0000000E+00  0.0000000E+00  0.0000000E+00
          39 cha039             2356938.       541.9991       96.48178      1.6114583E-02   7.292600      0.0000000E+00  0.0000000E+00  0.0000000E+00
          40 cha040             2048650.       498.2765       89.59061      1.6276630E-02   6.894940      0.0000000E+00  0.0000000E+00  0.0000000E+00
          41 cha041             1940825.       482.3714       87.06476      1.6339291E-02   6.747420      0.0000000E+00  0.0000000E+00  0.0000000E+00
          42 cha042             1535962.       419.1969       76.92188      1.6611319E-02   6.144630      0.0000000E+00  0.0000000E+00  0.0000000E+00
          43 cha043             1111444.       345.2409       64.79868      1.6990894E-02   5.398810      0.0000000E+00  0.0000000E+00  0.0000000E+00
          44 cha044             7942118.       1123.444       183.3483      1.4773984E-02   11.85545      0.0000000E+00  0.0000000E+00  0.0000000E+00
          45 cha045             3830938.       725.3920       124.7506      1.5568337E-02   8.856570      0.0000000E+00  0.0000000E+00  0.0000000E+00
          46 cha046             3239850.       656.0012       114.1769      1.5756002E-02   8.282340      0.0000000E+00  0.0000000E+00  0.0000000E+00
          47 cha047             998637.4       323.7684       61.22597      1.7118812E-02   5.172570      0.0000000E+00  0.0000000E+00  0.0000000E+00
          48 cha048             860218.8       296.0432       56.56862      1.7297879E-02   4.872890      0.0000000E+00  0.0000000E+00  0.0000000E+00
          49 cha049             104275.0       83.46374       18.43174      1.9991294E-02   2.095150      0.0000000E+00  0.0000000E+00  0.0000000E+00
          50 cha050             266006.2       146.3945       30.33916      1.8760791E-02   3.047190      0.0000000E+00  0.0000000E+00  0.0000000E+00
          51 cha051             214131.2       128.5280       27.03329      1.9040288E-02   2.793930      0.0000000E+00  0.0000000E+00  0.0000000E+00
          52 cha052             778768.8       278.8912       53.66253      1.7418416E-02   4.682810      0.0000000E+00  0.0000000E+00  0.0000000E+00
          53 cha053             136568.8       98.12971       21.27946      1.9630546E-02   2.333910      0.0000000E+00  0.0000000E+00  0.0000000E+00
          54 cha054             190218.8       119.7131       25.38441      1.9195423E-02   2.664680      0.0000000E+00  0.0000000E+00  0.0000000E+00
          55 cha055             578200.0       233.2580       45.82163      1.7783051E-02   4.156950      0.0000000E+00  0.0000000E+00  0.0000000E+00
          56 cha056             266112.5       146.4296       30.34654      1.8760858E-02   3.047680      0.0000000E+00  0.0000000E+00  0.0000000E+00
          57 cha057             188081.2       118.9042       25.22975      1.9208271E-02   2.652660      0.0000000E+00  0.0000000E+00  0.0000000E+00
          58 cha058             123518.7       92.39095       20.17084      1.9763637E-02   2.242000      0.0000000E+00  0.0000000E+00  0.0000000E+00
          59 cha059             112400.0       87.30709       19.18274      1.9889936E-02   2.158990      0.0000000E+00  0.0000000E+00  0.0000000E+00
          60 cha060             142506.2       100.6677       21.76707      1.9574121E-02   2.373980      0.0000000E+00  0.0000000E+00  0.0000000E+00
          61 cha061             171825.0       112.6267       24.04652      1.9327827E-02   2.558460      0.0000000E+00  0.0000000E+00  0.0000000E+00
          62 cha062             166850.0       110.6587       23.67191      1.9365117E-02   2.528560      0.0000000E+00  0.0000000E+00  0.0000000E+00
          63 cha063             212787.5       128.0435       26.94333      1.9048735E-02   2.786900      0.0000000E+00  0.0000000E+00  0.0000000E+00
          64 cha064             424481.2       193.7782       38.89054      1.8168181E-02   3.673560      0.0000000E+00  0.0000000E+00  0.0000000E+00
          65 cha065             73725.00       67.78890       15.32114      2.0459956E-02   1.823850      0.0000000E+00  0.0000000E+00  0.0000000E+00
          66 cha066             103037.5       82.86801       18.31475      2.0007208E-02   2.085170      0.0000000E+00  0.0000000E+00  0.0000000E+00
          67 cha067             136093.8       97.92478       21.24039      1.9635515E-02   2.330660      0.0000000E+00  0.0000000E+00  0.0000000E+00
          68 cha068             73250.00       67.52651       15.26840      2.0468760E-02   1.819140      0.0000000E+00  0.0000000E+00  0.0000000E+00
          69 cha069             84831.25       73.74341       16.51150      2.0269157E-02   1.929150      0.0000000E+00  0.0000000E+00  0.0000000E+00
          70 cha070             101756.2       82.24819       18.19228      2.0023180E-02   2.074760      0.0000000E+00  0.0000000E+00  0.0000000E+00
          71 cha071             68781.25       65.02371       14.76496      2.0555733E-02   1.773910      0.0000000E+00  0.0000000E+00  0.0000000E+00
          72 cha072             224800.0       132.3328       27.74257      1.8978050E-02   2.848800      0.0000000E+00  0.0000000E+00  0.0000000E+00
          73 cha073             7501306.       1085.605       177.9079      1.4835277E-02   11.58772      0.0000000E+00  0.0000000E+00  0.0000000E+00
          74 cha074             7323281.       1070.072       175.6740      1.4861638E-02   11.47693      0.0000000E+00  0.0000000E+00  0.0000000E+00
          75 cha075             3610700.       700.0750       120.8989      1.5633276E-02   8.649280      2.1257432E-04  2.2248626E-06  0.0000000E+00
          76 cha076             3690888.       709.3625       122.3228      1.5610313E-02   8.725610      0.0000000E+00  0.0000000E+00  0.0000000E+00
          77 cha077             840412.5       291.9344       55.87946      1.7327635E-02   4.827700      0.0000000E+00  0.0000000E+00  0.0000000E+00
          78 cha078             646606.2       249.4443       48.62474      1.7646395E-02   4.347100      0.0000000E+00  0.0000000E+00  0.0000000E+00
          79 cha079             404112.5       188.1443       37.88596      1.8228862E-02   3.602000      0.0000000E+00  0.0000000E+00  0.0000000E+00
          80 cha080             283300.0       152.0329       31.37248      1.8680288E-02   3.124940      0.0000000E+00  0.0000000E+00  0.0000000E+00
          81 cha081             77287.50       69.73572       15.71186      2.0395983E-02   1.858600      3.5182200E-04  1.7135997E-05  0.0000000E+00
          82 cha082             110612.5       86.47135       19.02007      1.9911878E-02   2.145190      0.0000000E+00  0.0000000E+00  0.0000000E+00
          83 cha083             289018.8       153.8669       31.70513      1.8653339E-02   3.150020      0.0000000E+00  0.0000000E+00  0.0000000E+00
          84 cha084             96650.00       79.74635       17.70039      2.0092981E-02   2.032470      0.0000000E+00  0.0000000E+00  0.0000000E+00
          85 cha085             156625.0       106.5385       22.88876      1.9448595E-02   2.465400      0.0000000E+00  0.0000000E+00  0.0000000E+00
          86 cha086             80356.25       71.38410       16.04226      2.0344002E-02   1.887780      0.0000000E+00  0.0000000E+00  0.0000000E+00
          87 cha087             181256.2       116.2962       24.74077      1.9258389E-02   2.613730      0.0000000E+00  0.0000000E+00  0.0000000E+00
          88 cha088             74681.25       68.31509       15.42802      2.0444004E-02   1.833280      0.0000000E+00  0.0000000E+00  0.0000000E+00
          89 cha089             77168.75       69.67141       15.70016      2.0399602E-02   1.857460      0.0000000E+00  0.0000000E+00  0.0000000E+00
          90 cha090             102450.0       82.58418       18.25946      2.0015363E-02   2.080410      0.0000000E+00  0.0000000E+00  0.0000000E+00
          91 cha091             114831.2       88.43532       19.40319      1.9861855E-02   2.177550      0.0000000E+00  0.0000000E+00  0.0000000E+00
          92 cha092             178825.0       115.3577       24.56340      1.9275876E-02   2.599650      0.0000000E+00  0.0000000E+00  0.0000000E+00
          93 cha093             77318.75       69.75263       15.71579      2.0396132E-02   1.858910      0.0000000E+00  0.0000000E+00  0.0000000E+00
          94 cha094             3151825.       645.2485       112.5132      1.5785148E-02   8.191590      4.4383705E-04  4.9048717E-06  0.0000000E+00
          95 cha095             2875062.       610.6299       107.1859      1.5890298E-02   7.895910      4.8950978E-04  5.6121794E-06  0.0000000E+00
          96 cha096             3454769.       681.7750       118.1176      1.5683599E-02   8.497890      0.0000000E+00  0.0000000E+00  0.0000000E+00
          97 cha097             1985075.       488.9403       88.10760      1.6312851E-02   6.808540      0.0000000E+00  0.0000000E+00  0.0000000E+00
          98 cha098             1836981.       466.7159       84.56063      1.6401667E-02   6.600630      0.0000000E+00  0.0000000E+00  0.0000000E+00
          99 cha099             1765644.       455.7551       82.81254      1.6448902E-02   6.496880      0.0000000E+00  0.0000000E+00  0.0000000E+00
         100 cha100             1340912.       386.3936       71.58066      1.6770193E-02   5.819740      1.3944296E-03  2.1690290E-05  0.0000000E+00
         101 cha101             1109444.       344.8680       64.73701      1.6993079E-02   5.394930      0.0000000E+00  0.0000000E+00  0.0000000E+00
         102 cha102             1540250.       419.8986       77.03000      1.6606869E-02   6.151480      0.0000000E+00  0.0000000E+00  0.0000000E+00
         103 cha103             1396619.       395.9464       73.14104      1.6722338E-02   5.915270      3.8929467E-04  5.9576673E-06  0.0000000E+00
         104 cha104             1174225.       356.8129       66.71980      1.6927257E-02   5.518790      0.0000000E+00  0.0000000E+00  0.1274282    
         105 cha105             1014769.       326.8963       61.75138      1.7100507E-02   5.205830      2.3169979E-03  4.0290994E-05  0.0000000E+00
         106 cha106             935018.7       311.2303       59.13258      1.7199555E-02   5.038150      0.0000000E+00  0.0000000E+00  0.4778286    
         107 cha107             832912.5       290.3684       55.61168      1.7337600E-02   4.810420      1.1712424E-03  2.2041246E-05  0.0000000E+00
         108 cha108             765643.8       276.0614       53.18448      1.7440202E-02   4.651080      0.0000000E+00  0.0000000E+00   10.99063    
         109 cha109             423887.5       193.6155       38.85958      1.8168973E-02   3.671500      0.0000000E+00  0.0000000E+00  0.0000000E+00
         110 cha110             302025.0       157.9848       32.45572      1.8597223E-02   3.205980      4.2675136E-04  1.2049983E-05  0.0000000E+00
         111 cha111             796150.0       282.6094       54.29949      1.7393278E-02   4.724340      0.6758127      1.2949636E-02  0.0000000E+00
         112 cha112             227475.0       133.2754       27.91800      1.8962987E-02   2.862310      2.9523720E-04  9.3374174E-06  0.0000000E+00
         113 cha113             171518.8       112.5062       24.02245      1.9329159E-02   2.556630      0.0000000E+00  0.0000000E+00  0.0000000E+00
         114 cha114             303381.2       158.4101       32.53362      1.8591817E-02   3.211730      0.0000000E+00  0.0000000E+00  0.0000000E+00
         115 cha115             187300.0       118.6076       25.17367      1.9213500E-02   2.648250      9.0660714E-04  3.0990777E-05  0.0000000E+00
         116 cha116             275218.8       149.4158       30.89328      1.8717153E-02   3.088980      0.0000000E+00  0.0000000E+00  0.0000000E+00
         117 cha117             182018.8       116.5895       24.79339      1.9250801E-02   2.618120      0.6110301      2.1127369E-02  0.0000000E+00
         118 cha118             139156.2       99.24105       21.49380      1.9606231E-02   2.351500      1.4410907E-04  5.5477731E-06  0.0000000E+00
         119 cha119             77950.00       70.09377       15.78405      2.0385034E-02   1.864960      0.0000000E+00  0.0000000E+00  0.0000000E+00
         120 cha120             77000.00       69.57996       15.68158      2.0402247E-02   1.855840      0.0000000E+00  0.0000000E+00  0.0000000E+00
         121 cha121             68925.00       65.10521       14.78083      2.0552061E-02   1.775390      0.0000000E+00  0.0000000E+00  0.0000000E+00
         122 cha122             341093.8       169.9472       34.62239      1.8442316E-02   3.365840      1.0995999E-03  2.9574237E-05  0.0000000E+00
         123 cha123             111318.7       86.80219       19.08500      1.9903703E-02   2.150650      0.0000000E+00  0.0000000E+00  0.0000000E+00
         124 cha124             234250.0       135.6430       28.35699      1.8924961E-02   2.896110      1.6425967E-03  5.1343821E-05  0.0000000E+00
         125 cha125             94218.75       78.53660       17.46192      2.0127611E-02   2.011860      9.6687727E-04  4.3505679E-05  0.0000000E+00
         126 cha126             153843.8       105.3993       22.67334      1.9473774E-02   2.447800      2.5167952E-03  9.3077411E-05  0.0000000E+00
         127 cha127             194925.0       121.4815       25.71614      1.9163189E-02   2.690860      2.5404050E-04  8.5464189E-06  0.0000000E+00
         128 cha128             124931.2       93.02343       20.29430      1.9749405E-02   2.252230      8.4508798E-04  3.3967339E-05  0.0000000E+00
         129 cha129             109481.3       85.93965       18.91607      1.9925524E-02   2.136380      0.0000000E+00  0.0000000E+00  0.0000000E+00
         130 cha130             70943.75       66.24273       15.01003      2.0512365E-02   1.796010      0.0000000E+00  0.0000000E+00  0.0000000E+00
         131 cha131             66593.75       63.77490       14.51245      2.0599820E-02   1.751120      0.0000000E+00  0.0000000E+00  0.0000000E+00
         132 cha132             66081.25       63.47996       14.45294      2.0610655E-02   1.745720      0.0000000E+00  0.0000000E+00  0.0000000E+00
         133 cha133             74031.25       67.95771       15.35521      2.0454526E-02   1.826880      6.2202744E-04  3.0822783E-05  0.0000000E+00
         134 cha134             72750.00       67.24957       15.21355      2.0479215E-02   1.814160      0.0000000E+00  0.0000000E+00  0.0000000E+00
         135 cha135             91375.00       77.10564       17.17902      2.0169012E-02   1.987350      0.0000000E+00  0.0000000E+00  0.0000000E+00
         136 cha136             2663112.       583.2079       102.9329      1.5977290E-02   7.657710      9.0813253E-04  1.0735509E-05  0.0000000E+00
         137 cha137             2472694.       557.8172       98.96592      1.6060760E-02   7.433810      6.5446598E-04  7.9698093E-06  0.0000000E+00
         138 cha138             2061462.       500.1439       89.87962      1.6268166E-02   6.912160      7.9681468E-04  1.0435563E-05  0.0000000E+00
         139 cha139             1028581.       329.5588       62.19624      1.7084550E-02   5.234060      0.6856478      1.1858637E-02  0.0000000E+00
         140 cha140             1018900.       327.6941       61.88674      1.7096266E-02   5.214300      3.0615230E-04  5.3151293E-06  0.0000000E+00
         141 cha141             825006.2       288.7115       55.33405      1.7350048E-02   4.792100      4.9123383E-04  9.2797172E-06  0.0000000E+00
         142 cha142             564918.8       230.0283       45.26324      1.7812986E-02   4.118490      0.0000000E+00  0.0000000E+00  0.0000000E+00
         143 cha143             407362.5       189.0507       38.04721      1.8218679E-02   3.613560      0.0000000E+00  0.0000000E+00  0.0000000E+00
         144 cha144             213275.0       128.2194       26.97493      1.9044917E-02   2.789450      6.2360354E-03  2.0237755E-04  0.0000000E+00
         145 cha145             208031.2       126.3185       26.62147      1.9078203E-02   2.761820      0.0000000E+00  0.0000000E+00  0.0000000E+00
         146 cha146             106931.2       84.73298       18.67972      1.9956768E-02   2.116340      0.0000000E+00  0.0000000E+00  0.0000000E+00
         147 cha147             355825.0       174.3137       35.40956      1.8389136E-02   3.423240      4.0219519E-03  1.0635841E-04  0.0000000E+00
         148 cha148             97525.00       80.17875       17.78705      2.0082464E-02   2.039810      1.9481479E-03  8.6457876E-05  0.0000000E+00
         149 cha149             313525.0       161.5671       33.10820      1.8550469E-02   3.254260      1.2188814E-04  3.3906390E-06  0.0000000E+00
         150 cha150             149137.5       103.4527       22.30066      1.9514088E-02   2.417560      1.5076443E-03  5.6453900E-05  0.0000000E+00
         151 cha151             121250.0       91.36897       19.97271      1.9788399E-02   2.225440      0.5422316      2.2056738E-02  0.0000000E+00
         152 cha152             106931.2       84.73298       18.67972      1.9956768E-02   2.116340      0.0000000E+00  0.0000000E+00  0.0000000E+00
         153 cha153             94450.00       78.65220       17.48555      2.0125227E-02   2.013840      0.0000000E+00  0.0000000E+00  0.0000000E+00
         154 cha154             120387.5       90.97845       19.89759      1.9798595E-02   2.219100      0.0000000E+00  0.0000000E+00  0.0000000E+00
         155 cha155             145343.8       101.8656       21.99763      1.9548824E-02   2.392780      0.0000000E+00  0.0000000E+00  0.0000000E+00
         156 cha156             865862.4       297.2070       56.77226      1.7292170E-02   4.885660      0.5763093      1.0678363E-02  0.0000000E+00
         157 cha157             503350.0       214.6405       42.57258      1.7955212E-02   3.932710      1.8162998E-04  4.1808821E-06  0.0000000E+00
         158 cha158             261606.2       144.9368       30.06873      1.8780572E-02   3.026930      0.0000000E+00  0.0000000E+00  0.0000000E+00
         159 cha159             250206.3       141.1135       29.36476      1.8837798E-02   2.973460      1.2470817E-02  3.7966904E-04  0.0000000E+00
         160 cha160             105606.2       84.10145       18.55754      1.9975113E-02   2.105810      1.3908141E-03  5.9789130E-05  0.0000000E+00
         161 cha161             98025.00       80.42514       17.83361      2.0073351E-02   2.043990      0.0000000E+00  0.0000000E+00  0.0000000E+00
         162 cha162             74700.00       68.32538       15.42910      2.0442357E-02   1.833460      2.0074071E-03  9.9114317E-05  0.0000000E+00
         163 cha163             95175.00       79.01389       17.55515      2.0112839E-02   2.020010      0.0000000E+00  0.0000000E+00  0.0000000E+00
